t,E,j
0.0,0.05779030978130795,-0.4176385347847281
0.0,0.05779030978130795,-0.118668271628394
0.020000000000000018,0.05879030978130795,0.004293584952735863
0.029351866991147446,0.05925790313086532,0.06178973133929958
0.03668942058839164,0.05962478081072753,0.19849787360291885
0.05668942058839166,0.06062478081072753,0.2062615995649527
0.07668942058839168,0.06162478081072753,0.21402532552698655
0.0966894205883917,0.06262478081072753,0.2217890514890204
0.11668942058839171,0.06362478081072753,0.22955277745105426
0.13668942058839173,0.06462478081072753,0.23731650341308816
0.15668942058839175,0.06562478081072753,0.245080229375122
0.17668942058839177,0.06662478081072754,0.2528439553371558
0.19164731486750242,0.06737267552468307,0.2586504049447603
0.21164731486750243,0.06837267552468307,0.26381286304799223
0.23164731486750245,0.06937267552468307,0.2689753211512242
0.25164731486750247,0.07037267552468307,0.2741377792544561
0.2716473148675025,0.07137267552468307,0.27930023735768805
0.2916473148675025,0.07237267552468307,0.28446269546091996
0.3116473148675025,0.07337267552468307,0.28962515356415186
0.33164731486750254,0.07437267552468307,0.29478761166738376
0.35164731486750256,0.07537267552468307,0.2999500697706157
0.3681881933763531,0.0761997194501256,0.30421964938524526
0.38818819337635313,0.0771997194501256,0.3045365739513179
0.40818819337635315,0.0781997194501256,0.3048534985173906
0.42818819337635317,0.0791997194501256,0.3051704230834632
0.4481881933763532,0.0801997194501256,0.3054873476495359
0.4681881933763532,0.08119971945012561,0.3058042722156085
0.4881881933763532,0.08219971945012561,0.30612119678168115
0.5081881933763532,0.08319971945012561,0.30643812134775383
0.5281881933763533,0.08419971945012561,0.30675504591382646
0.5481881933763533,0.08519971945012561,0.3070719704798991
0.5681881933763533,0.08619971945012561,0.3073888950459718
0.5881881933763533,0.08719971945012561,0.3077058196120444
0.6081881933763533,0.08819971945012561,0.3080227441781171
0.6281881933763533,0.08919971945012561,0.3083396687441897
0.6481881933763534,0.09019971945012561,0.30865659331026235
0.6681881933763534,0.09119971945012562,0.30897351787633504
0.6881881933763534,0.09219971945012562,0.30929044244240766
0.7081881933763534,0.09319971945012562,0.3096073670084803
0.7143620733588119,0.09350841344924854,0.30970519972020155
0.7343620733588119,0.09450841344924854,0.31069418984469704
0.7543620733588119,0.09550841344924854,0.3116831799691926
0.7743620733588119,0.09650841344924854,0.3126721700936881
0.7943620733588119,0.09750841344924854,0.31366116021818363
0.8143620733588119,0.09850841344924854,0.3146501503426791
0.834362073358812,0.09950841344924855,0.3156391404671746
0.854362073358812,0.10050841344924855,0.3166281305916701
0.874362073358812,0.10150841344924855,0.3176171207161656
0.894362073358812,0.10250841344924855,0.31860611084066115
0.914362073358812,0.10350841344924855,0.31959510096515664
0.934362073358812,0.10450841344924855,0.32058409108965213
0.9543620733588121,0.10550841344924855,0.3215730812141477
0.9724820049699989,0.1064144100298079,0.3224691028851476
0.9924820049699989,0.1074144100298079,0.3227226682741756
1.012482004969999,0.1084144100298079,0.3229762336632037
1.032482004969999,0.1094144100298079,0.3232297990522318
1.052482004969999,0.1104144100298079,0.3234833644412599
1.072482004969999,0.1114144100298079,0.32373692983028796
1.092482004969999,0.1124144100298079,0.3239904952193161
1.112482004969999,0.1134144100298079,0.32424406060834415
1.132482004969999,0.1144144100298079,0.32449762599737225
1.152482004969999,0.1154144100298079,0.32475119138640035
1.172482004969999,0.1164144100298079,0.32500475677542845
1.1924820049699991,0.1174144100298079,0.3252583221644565
1.2124820049699991,0.1184144100298079,0.32551188755348454
1.2324820049699992,0.1194144100298079,0.3257654529425127
1.2524820049699992,0.1204144100298079,0.32601901833154073
1.259522474408179,0.1207664335017169,0.3261082793001424
1.279522474408179,0.1217664335017169,0.32667792570037285
1.299522474408179,0.1227664335017169,0.32724757210060335
1.319522474408179,0.1237664335017169,0.3278172185008338
1.339522474408179,0.1247664335017169,0.3283868649010643
1.359522474408179,0.1257664335017169,0.3289565113012947
1.379522474408179,0.1267664335017169,0.3295261577015252
1.3995224744081791,0.1277664335017169,0.33009580410175565
1.4195224744081791,0.1287664335017169,0.3306654505019862
1.4395224744081792,0.1297664335017169,0.3312350969022167
1.4511697892756814,0.13034879924509202,0.3315668394515478
1.4711697892756814,0.13134879924509202,0.33306654738319297
1.4911697892756814,0.13234879924509202,0.334566255314838
1.5111697892756815,0.13334879924509202,0.33606596324648313
1.5311697892756815,0.13434879924509202,0.3375656711781283
1.5511697892756815,0.13534879924509202,0.33906537910977336
1.5711697892756815,0.13634879924509202,0.34056508704141847
1.5911697892756815,0.13734879924509202,0.34206479497306364
1.6111697892756816,0.13834879924509202,0.3435645029047087
1.6311697892756816,0.13934879924509203,0.3450642108363538
1.6511697892756816,0.14034879924509203,0.34656391876799897
1.6711697892756816,0.14134879924509203,0.348063626699644
1.6911697892756816,0.14234879924509203,0.34956333463128914
1.6941832845282168,0.14249947400771878,0.34978930276789927
1.7141832845282168,0.14349947400771879,0.35160545684823197
1.7341832845282168,0.1444994740077188,0.3534216109285647
1.7541832845282168,0.1454994740077188,0.3552377650088975
1.7741832845282168,0.1464994740077188,0.3570539190892302
1.7941832845282168,0.1474994740077188,0.358870073169563
1.8141832845282169,0.1484994740077188,0.36068622724989574
1.8341832845282169,0.1494994740077188,0.3625023813302285
1.854183284528217,0.1504994740077188,0.3643185354105612
1.874183284528217,0.1514994740077188,0.36613468949089395
1.894183284528217,0.1524994740077188,0.3679508435712267
1.914183284528217,0.1534994740077188,0.3697669976515594
1.9151824663868666,0.15354943310065128,0.3698577310620385
1.9351824663868666,0.15454943310065128,0.36959791445768664
1.9551824663868667,0.15554943310065128,0.3693380978533348
1.9751824663868667,0.15654943310065128,0.3690782812489829
1.9951824663868667,0.15754943310065128,0.368818464644631
2.0151824663868667,0.15854943310065128,0.36855864804027916
2.0351824663868667,0.15954943310065128,0.36829883143592734
2.0551824663868667,0.16054943310065128,0.3680390148315755
2.0751824663868668,0.16154943310065129,0.3677791982272236
2.095182466386867,0.16254943310065129,0.3675193816228717
2.115182466386867,0.1635494331006513,0.3672595650185198
2.135182466386867,0.1645494331006513,0.366999748414168
2.155182466386867,0.1655494331006513,0.3667399318098161
2.175182466386867,0.1665494331006513,0.36648011520546425
2.195182466386867,0.1675494331006513,0.3662202986011123
2.195316711391957,0.1675561453509058,0.36621855464704367
2.215316711391957,0.1685561453509058,0.3655582740436303
2.235316711391957,0.1695561453509058,0.3648979934402169
2.255316711391957,0.1705561453509058,0.3642377128368035
2.275316711391957,0.1715561453509058,0.36357743223339006
2.295316711391957,0.1725561453509058,0.3629171516299767
2.315316711391957,0.1735561453509058,0.3622568710265633
2.335316711391957,0.1745561453509058,0.3615965904231499
2.355316711391957,0.1755561453509058,0.36093630981973657
2.375316711391957,0.1765561453509058,0.3602760292163232
2.395316711391957,0.1775561453509058,0.3596157486129097
2.415316711391957,0.1785561453509058,0.35895546800949635
2.435316711391957,0.1795561453509058,0.35829518740608296
2.455316711391957,0.1805561453509058,0.35763490680266957
2.475316711391957,0.1815561453509058,0.3569746261992562
2.495316711391957,0.1825561453509058,0.3563143455958428
2.5153167113919572,0.1835561453509058,0.35565406499242935
2.5268154841799184,0.18413108399030387,0.35527444416068193
2.5468154841799184,0.18513108399030387,0.35527444416068193
2.5668154841799184,0.18613108399030387,0.35527444416068193
2.5868154841799185,0.18713108399030387,0.35527444416068193
2.6068154841799185,0.18813108399030387,0.35527444416068193
2.6268154841799185,0.18913108399030387,0.35527444416068193
2.6468154841799185,0.19013108399030387,0.35527444416068193
2.6668154841799185,0.19113108399030387,0.35527444416068193
2.6868154841799186,0.19213108399030387,0.35527444416068193
2.7068154841799186,0.19313108399030388,0.35527444416068193
2.7180314698832575,0.19369188327547082,0.35527444416068193
2.7380314698832575,0.19469188327547082,0.3554889985143898
2.7580314698832575,0.19569188327547082,0.3557035528680976
2.7780314698832576,0.19669188327547082,0.35591810722180556
2.7980314698832576,0.19769188327547083,0.3561326615755134
2.8180314698832576,0.19869188327547083,0.35634721592922125
2.8380314698832576,0.19969188327547083,0.3565617702829292
2.8580314698832576,0.20069188327547083,0.356776324636637
2.8780314698832576,0.20169188327547083,0.3569908789903449
2.8876661239590273,0.2021736159792593,0.35709423683926617
2.9076661239590273,0.20317361597925931,0.3583320520709844
2.9276661239590274,0.20417361597925932,0.3595698673027027
2.9476661239590274,0.20517361597925932,0.36080768253442086
2.9676661239590274,0.20617361597925932,0.36204549776613915
2.9876661239590274,0.20717361597925932,0.3632833129978574
3.0076661239590274,0.20817361597925932,0.36452112822957566
3.0276661239590275,0.20917361597925932,0.3657589434612939
3.0476661239590275,0.21017361597925932,0.3669967586930122
3.0676661239590275,0.21117361597925932,0.3682345739247304
3.0876661239590275,0.21217361597925932,0.3694723891564487
3.1076661239590275,0.21317361597925932,0.3707102043881669
3.1276661239590275,0.21417361597925932,0.37194801961988516
3.1476661239590276,0.21517361597925933,0.3731858348516034
3.152692280003304,0.21542492378147315,0.37349690747703335
3.172692280003304,0.21642492378147316,0.3756968959627509
3.192692280003304,0.21742492378147316,0.37789688444846853
3.212692280003304,0.21842492378147316,0.3800968729341861
3.232692280003304,0.21942492378147316,0.3822968614199037
3.2526922800033042,0.22042492378147316,0.3844968499056213
3.2726922800033043,0.22142492378147316,0.38669683839133884
3.2926922800033043,0.22242492378147316,0.38889682687705646
3.3126922800033043,0.22342492378147316,0.391096815362774
3.3326922800033043,0.22442492378147316,0.3932968038484916
3.3516771484680508,0.22537416720471048,0.3953851284497569
3.3716771484680508,0.22637416720471049,0.3960906547284364
3.391677148468051,0.2273741672047105,0.3967961810071159
3.411677148468051,0.2283741672047105,0.3975017072857954
3.431677148468051,0.2293741672047105,0.3982072335644749
3.451677148468051,0.2303741672047105,0.39891275984315444
3.454839185800127,0.2305322690713143,0.3990243048647517
3.474839185800127,0.2315322690713143,0.3928432130750626
3.494839185800127,0.2325322690713143,0.3866621212853736
3.514839185800127,0.2335322690713143,0.3804810294956845
3.534839185800127,0.2345322690713143,0.3742999377059955
3.543324463335553,0.2349565329480856,0.37167752374062274
3.563324463335553,0.2359565329480856,0.365980022747131
3.583324463335553,0.2369565329480856,0.36028252175363923
3.6033244633355532,0.2379565329480856,0.3545850207601475
3.6233244633355532,0.2389565329480856,0.3488875197666558
3.6433244633355533,0.2399565329480856,0.34319001877316396
3.6633244633355533,0.2409565329480856,0.33749251777967226
3.6833244633355533,0.2419565329480856,0.33179501678618045
3.6905134748532564,0.24231598352397077,0.32974704677296357
3.7105134748532564,0.24331598352397077,0.3258469647526096
3.7305134748532565,0.24431598352397077,0.3219468827322557
3.7505134748532565,0.24531598352397077,0.3180468007119017
3.7705134748532565,0.24631598352397077,0.31414671869154775
3.7905134748532565,0.24731598352397077,0.3102466366711938
3.8105134748532565,0.24831598352397077,0.3063465546508399
3.8305134748532566,0.24931598352397077,0.3024464726304859
3.8505134748532566,0.2503159835239708,0.29854639061013194
3.8705134748532566,0.2513159835239708,0.29464630858977797
3.8905134748532566,0.2523159835239708,0.290746226569424
3.9105134748532566,0.2533159835239708,0.2868461445490701
3.9305134748532566,0.2543159835239708,0.2829460625287161
3.9335269701058007,0.254466658286598,0.28235841859607264
3.9535269701058007,0.255466658286598,0.28087397150970855
3.9735269701058007,0.256466658286598,0.2793895244233444
3.9935269701058007,0.257466658286598,0.2779050773369804
4.013526970105801,0.258466658286598,0.2764206302506163
4.0335269701058,0.259466658286598,0.27493618316425217
4.053526970105801,0.260466658286598,0.2734517360778881
4.0735269701058,0.261466658286598,0.271967288991524
4.093526970105801,0.262466658286598,0.2704828419051599
4.1135269701058,0.263466658286598,0.26899839481879584
4.133526970105801,0.264466658286598,0.2675139477324317
4.1535269701058,0.265466658286598,0.2660295006460676
4.154526151964442,0.26551661737953003,0.2659553390161273
4.174526151964441,0.26651661737953003,0.2648944729485904
4.194526151964442,0.26751661737953003,0.2638336068810536
4.214526151964441,0.26851661737953003,0.26277274081351676
4.234526151964442,0.26951661737953003,0.26171187474597996
4.254526151964441,0.27051661737953003,0.2606510086784431
4.274526151964442,0.27151661737953003,0.2595901426109063
4.294526151964441,0.27251661737953004,0.25852927654336944
4.314526151964442,0.27351661737953004,0.25746841047583263
4.334526151964441,0.27451661737953004,0.2564075444082958
4.354526151964442,0.27551661737953004,0.25534667834075897
4.360850226628603,0.2758328211127381,0.25501122852977004
4.380850226628603,0.2768328211127381,0.25432378754082124
4.400850226628603,0.2778328211127381,0.2536363465518724
4.420850226628603,0.2788328211127381,0.2529489055629236
4.440850226628603,0.2798328211127381,0.25226146457397475
4.460850226628603,0.2808328211127381,0.251574023585026
4.480850226628603,0.2818328211127381,0.25088658259607716
4.500850226628603,0.2828328211127381,0.25019914160712836
4.520850226628603,0.2838328211127381,0.2495117006181795
4.540850226628603,0.2848328211127381,0.2488242596292307
4.560850226628603,0.2858328211127381,0.24813681864028186
4.580850226628603,0.2868328211127381,0.24744937765133304
4.600850226628603,0.2878328211127381,0.24676193666238422
4.620850226628603,0.2888328211127381,0.2460744956734354
4.626307711837034,0.28910569537315967,0.24588691072199254
4.646307711837034,0.29010569537315967,0.2455780797137718
4.666307711837034,0.29110569537315967,0.24526924870555106
4.686307711837034,0.29210569537315967,0.2449604176973303
4.7063077118370344,0.29310569537315967,0.24465158668910955
4.726307711837034,0.29410569537315967,0.24434275568088884
4.7463077118370345,0.29510569537315967,0.2440339246726681
4.766307711837034,0.29610569537315967,0.2437250936644473
4.7863077118370345,0.2971056953731597,0.2434162626562266
4.806307711837034,0.2981056953731597,0.24310743164800586
4.8263077118370346,0.2991056953731597,0.24279860063978512
4.846307711837034,0.3001056953731597,0.24248976963156438
4.861982000890173,0.3008894098258166,0.24224773430699315
4.881982000890172,0.3018894098258166,0.24211040587433708
4.901982000890173,0.3028894098258166,0.24197307744168103
4.921982000890172,0.3038894098258166,0.24183574900902496
4.941982000890173,0.3048894098258166,0.24169842057636892
4.961982000890172,0.3058894098258166,0.24156109214371285
4.981982000890173,0.3068894098258166,0.2414237637110568
5.001982000890172,0.3078894098258166,0.24128643527840074
5.021982000890173,0.3088894098258166,0.24114910684574464
5.041982000890172,0.3098894098258166,0.2410117784130886
5.061982000890173,0.3108894098258166,0.24087444998043253
5.081982000890172,0.3118894098258166,0.2407371215477765
5.101982000890173,0.3128894098258166,0.24059979311512042
5.121982000890172,0.3138894098258166,0.24046246468246438
5.127009809536602,0.31414080025813806,0.24042794162840891
5.147009809536602,0.31514080025813807,0.2396862340654434
5.167009809536602,0.31614080025813807,0.23894452650247786
5.187009809536602,0.31714080025813807,0.23820281893951228
5.207009809536602,0.31814080025813807,0.23746111137654677
5.227009809536602,0.31914080025813807,0.23671940381358123
5.2470098095366025,0.32014080025813807,0.2359776962506157
5.267009809536602,0.32114080025813807,0.23523598868765014
5.2741988210543145,0.32150025083402367,0.2349693814770035
5.294198821054314,0.32250025083402367,0.2330521936071657
5.3141988210543145,0.3235002508340237,0.23113500573732793
5.334198821054314,0.3245002508340237,0.22921781786749015
5.3541988210543145,0.3255002508340237,0.22730062999765238
5.374198821054314,0.3265002508340237,0.22538344212781464
5.394198821054315,0.3275002508340237,0.22346625425797687
5.414198821054314,0.3285002508340237,0.2215490663881391
5.434198821054315,0.3295002508340237,0.21963187851830132
5.454198821054314,0.3305002508340237,0.21771469064846355
5.474198821054315,0.3315002508340237,0.21579750277862578
5.494198821054314,0.3325002508340237,0.213880314908788
5.5025355565102,0.33291708760681793,0.21308116050428452
5.522535556510199,0.33391708760681793,0.21166922278970274
5.5425355565102,0.33491708760681793,0.21025728507512095
5.562535556510199,0.33591708760681793,0.20884534736053917
5.5825355565102,0.33691708760681793,0.20743340964595738
5.602535556510199,0.33791708760681793,0.20602147193137557
5.6225355565102,0.33891708760681793,0.20460953421679381
5.642535556510199,0.33991708760681794,0.203197596502212
5.6625355565102,0.34091708760681794,0.20178565878763025
5.682535556510199,0.34191708760681794,0.20037372107304843
5.7025355565102,0.34291708760681794,0.19896178335846665
5.722535556510199,0.34391708760681794,0.19754984564388486
5.7425355565102,0.34491708760681794,0.19613790792930308
5.760655488121396,0.3458230841873777,0.19485869718792856
5.780655488121395,0.34682308418737773,0.1939741928696803
5.800655488121396,0.34782308418737773,0.193089688551432
5.820655488121395,0.34882308418737773,0.19220518423318372
5.840655488121396,0.34982308418737773,0.19132067991493545
5.860655488121395,0.35082308418737773,0.19043617559668718
5.880655488121396,0.35182308418737773,0.1895516712784389
5.900655488121395,0.35282308418737773,0.18866716696019062
5.920655488121396,0.35382308418737773,0.18778266264194232
5.940655488121395,0.35482308418737774,0.18689815832369405
5.960655488121396,0.35582308418737774,0.18601365400544576
5.966979562785548,0.35613928792058536,0.1857339704379774
5.986979562785548,0.35713928792058536,0.1857339704379774
6.006979562785548,0.35813928792058536,0.1857339704379774
6.026979562785548,0.35913928792058536,0.1857339704379774
6.046979562785548,0.36013928792058536,0.1857339704379774
6.066979562785548,0.36113928792058536,0.1857339704379774
6.086979562785548,0.36213928792058536,0.1857339704379774
6.106979562785548,0.36313928792058536,0.1857339704379774
6.126979562785548,0.36413928792058536,0.1857339704379774
6.146979562785548,0.36513928792058536,0.1857339704379774
6.166979562785548,0.36613928792058537,0.1857339704379774
6.186979562785548,0.36713928792058537,0.1857339704379774
6.206979562785548,0.36813928792058537,0.1857339704379774
6.226979562785548,0.36913928792058537,0.1857339704379774
6.2469795627855484,0.37013928792058537,0.1857339704379774
6.266979562785548,0.37113928792058537,0.1857339704379774
6.268695139418208,0.37122506675221834,0.1857339704379774
6.288695139418207,0.37222506675221834,0.18563325222379515
6.308695139418208,0.37322506675221834,0.18553253400961292
6.328695139418207,0.37422506675221834,0.18543181579543067
6.348695139418208,0.37522506675221834,0.1853310975812484
6.368695139418207,0.37622506675221834,0.18523037936706616
6.388695139418208,0.37722506675221834,0.18512966115288393
6.4086951394182075,0.37822506675221834,0.18502894293870167
6.428695139418208,0.37922506675221834,0.18492822472451942
6.4486951394182075,0.38022506675221834,0.18482750651033716
6.468695139418208,0.38122506675221834,0.18472678829615494
6.4886951394182075,0.38222506675221835,0.18462607008197268
6.508695139418208,0.38322506675221835,0.18452535186779043
6.528695139418208,0.38422506675221835,0.1844246336536082
6.548695139418208,0.38522506675221835,0.18432391543942594
6.568695139418208,0.38622506675221835,0.1842231972252437
6.588695139418208,0.38722506675221835,0.1841224790110614
6.608695139418208,0.38822506675221835,0.1840217607968792
6.628695139418208,0.38922506675221835,0.18392104258269693
6.629977108361471,0.3892891651993815,0.1839145867015668
6.649977108361471,0.3902891651993815,0.1846400454669713
6.669977108361471,0.3912891651993815,0.1853655042323758
6.689977108361471,0.3922891651993815,0.1860909629977803
6.709977108361471,0.3932891651993815,0.1868164217631848
6.729977108361471,0.3942891651993815,0.1875418805285893
6.749977108361471,0.3952891651993815,0.18826733929399378
6.769977108361471,0.3962891651993815,0.18899279805939828
6.789977108361471,0.3972891651993815,0.1897182568248028
6.809977108361471,0.3982891651993815,0.19044371559020729
6.829977108361471,0.3992891651993815,0.1911691743556118
6.849977108361471,0.4002891651993815,0.19189463312101626
6.869977108361471,0.4012891651993815,0.19262009188642076
6.889977108361471,0.4022891651993815,0.1933455506518253
6.909977108361471,0.4032891651993815,0.19407100941722977
6.929977108361471,0.4042891651993815,0.19479646818263427
6.931692684994131,0.4043749440310145,0.19485869718792856
6.95169268499413,0.4053749440310145,0.1954626899196024
6.971692684994131,0.4063749440310145,0.19606668265127625
6.99169268499413,0.4073749440310145,0.19667067538295008
7.011692684994131,0.4083749440310145,0.19727466811462394
7.03169268499413,0.4093749440310145,0.1978786608462978
7.051692684994131,0.4103749440310145,0.19848265357797165
7.07169268499413,0.4113749440310145,0.19908664630964548
7.091692684994131,0.4123749440310145,0.19969063904131934
7.11169268499413,0.4133749440310145,0.20029463177299317
7.131692684994131,0.4143749440310145,0.200898624504667
7.1516926849941305,0.4153749440310145,0.20150261723634086
7.171692684994131,0.4163749440310145,0.2021066099680147
7.1916926849941305,0.4173749440310145,0.20271060269968855
7.211692684994131,0.4183749440310145,0.2033145954313624
7.2316926849941305,0.4193749440310145,0.20391858816303626
7.233839590790954,0.41948228932085563,0.20398342393787972
7.253839590790953,0.42048228932085563,0.20398342393787972
7.273839590790954,0.42148228932085563,0.20398342393787972
7.293839590790953,0.42248228932085563,0.20398342393787972
7.313839590790954,0.42348228932085563,0.20398342393787972
7.333839590790953,0.42448228932085563,0.20398342393787972
7.353839590790954,0.42548228932085563,0.20398342393787972
7.373839590790953,0.42648228932085563,0.20398342393787972
7.393839590790954,0.42748228932085564,0.20398342393787972
7.413839590790953,0.42848228932085564,0.20398342393787972
7.433839590790954,0.42948228932085564,0.20398342393787972
7.453839590790953,0.43048228932085564,0.20398342393787972
7.473839590790954,0.43148228932085564,0.20398342393787972
7.493839590790953,0.43248228932085564,0.20398342393787972
7.513839590790954,0.43348228932085564,0.20398342393787972
7.5338395907909534,0.43448228932085564,0.20398342393787972
7.553839590790954,0.43548228932085564,0.20398342393787972
7.565338363578924,0.43605722796025415,0.20398342393787972
7.5853383635789235,0.43705722796025415,0.20427993318231527
7.605338363578924,0.43805722796025415,0.2045764424267508
7.625338363578924,0.43905722796025415,0.20487295167118633
7.645338363578924,0.44005722796025415,0.20516946091562185
7.665338363578924,0.44105722796025415,0.2054659701600574
7.685338363578924,0.44205722796025415,0.20576247940449297
7.705338363578924,0.44305722796025415,0.20605898864892847
7.725338363578924,0.44405722796025415,0.20635549789336402
7.745338363578924,0.44505722796025415,0.20665200713779958
7.765338363578924,0.44605722796025415,0.2069485163822351
7.785338363578924,0.44705722796025416,0.20724502562667063
7.805338363578924,0.44805722796025416,0.2075415348711062
7.825338363578924,0.44905722796025416,0.20783804411554171
7.845338363578924,0.45005722796025416,0.20813455335997727
7.865338363578924,0.45105722796025416,0.20843106260441283
7.885338363578924,0.45205722796025416,0.20872757184884833
7.905338363578924,0.45305722796025416,0.20902408109328388
7.925338363578924,0.45405722796025416,0.20932059033771944
7.933526556955277,0.4544666376290718,0.20944198408928516
7.953526556955277,0.4554666376290718,0.20920109620692195
7.973526556955277,0.4564666376290718,0.20896020832455875
7.993526556955277,0.4574666376290718,0.20871932044219554
8.013526556955277,0.4584666376290718,0.20847843255983237
8.033526556955277,0.4594666376290718,0.2082375446774692
8.053526556955276,0.4604666376290718,0.207996656795106
8.073526556955276,0.4614666376290718,0.2077557689127428
8.093526556955277,0.4624666376290718,0.2075148810303796
8.113526556955277,0.4634666376290718,0.20727399314801642
8.133526556955276,0.4644666376290718,0.20703310526565322
8.153526556955276,0.4654666376290718,0.20679221738329
8.173526556955277,0.4664666376290718,0.20655132950092683
8.193526556955277,0.4674666376290718,0.20631044161856363
8.213526556955276,0.4684666376290718,0.20606955373620048
8.233526556955276,0.4694666376290718,0.20582866585383727
8.2356734627521,0.46957398291891295,0.20580280767428577
8.2556734627521,0.47057398291891295,0.20550483232180916
8.2756734627521,0.47157398291891295,0.2052068569693326
8.295673462752099,0.47257398291891295,0.204908881616856
8.3156734627521,0.47357398291891295,0.20461090626437944
8.3356734627521,0.47457398291891295,0.20431293091190283
8.3556734627521,0.47557398291891295,0.20401495555942625
8.375673462752099,0.47657398291891295,0.20371698020694967
8.3956734627521,0.47757398291891295,0.2034190048544731
8.4156734627521,0.47857398291891295,0.2031210295019965
8.4356734627521,0.47957398291891296,0.20282305414951993
8.455673462752099,0.48057398291891296,0.20252507879704332
8.4756734627521,0.48157398291891296,0.20222710344456676
8.4956734627521,0.48257398291891296,0.20192912809209015
8.5156734627521,0.48357398291891296,0.2016311527396136
8.535673462752099,0.48457398291891296,0.201333177387137
8.5556734627521,0.48557398291891296,0.20103520203466044
8.5756734627521,0.48657398291891296,0.20073722668218386
8.5956734627521,0.48757398291891296,0.20043925132970725
8.603861656128453,0.4879833925877306,0.200317257339334
8.623861656128453,0.4889833925877306,0.19993009016743649
8.643861656128452,0.4899833925877306,0.199542922995539
8.663861656128452,0.4909833925877306,0.19915575582364148
8.683861656128453,0.4919833925877306,0.198768588651744
8.703861656128453,0.4929833925877306,0.1983814214798465
8.723861656128452,0.4939833925877306,0.19799425430794898
8.743861656128452,0.4949833925877306,0.1976070871360515
8.763861656128453,0.4959833925877306,0.197219919964154
8.783861656128453,0.4969833925877306,0.1968327527922565
8.803861656128452,0.4979833925877306,0.19644558562035902
8.823861656128452,0.4989833925877306,0.1960584184484615
8.843861656128453,0.4999833925877306,0.195671251276564
8.863861656128453,0.5009833925877306,0.1952840841046665
8.883861656128452,0.5019833925877306,0.194896916932769
8.903861656128452,0.5029833925877306,0.1945097497608715
8.923861656128453,0.5039833925877306,0.194122582588974
8.943861656128453,0.5049833925877306,0.1937354154170765
8.963861656128453,0.5059833925877306,0.193348248245179
8.979820384868367,0.5067813290247263,0.1930393134515134
8.999820384868366,0.5077813290247263,0.19233111097906036
9.019820384868366,0.5087813290247263,0.19162290850660732
9.039820384868365,0.5097813290247263,0.19091470603415425
9.059820384868367,0.5107813290247263,0.19020650356170118
9.079820384868366,0.5117813290247263,0.18949830108924814
9.099820384868366,0.5127813290247263,0.1887900986167951
9.119820384868365,0.5137813290247263,0.18808189614434206
9.139820384868367,0.5147813290247263,0.18737369367188902
9.159820384868366,0.5157813290247263,0.18666549119943593
9.179820384868366,0.5167813290247263,0.1859572887269829
9.199820384868366,0.5177813290247263,0.18524908625452985
9.219820384868367,0.5187813290247263,0.18454088378207678
9.237507334713237,0.5196656765169698,0.18391458670156227
9.257507334713237,0.5206656765169698,0.1832090604228823
9.277507334713237,0.5216656765169698,0.18250353414420237
9.297507334713236,0.5226656765169698,0.1817980078655224
9.317507334713238,0.5236656765169698,0.18109248158684246
9.337507334713237,0.5246656765169698,0.18038695530816248
9.357507334713237,0.5256656765169698,0.17968142902948256
9.377507334713236,0.5266656765169698,0.17897590275080258
9.397507334713238,0.5276656765169698,0.17827037647212265
9.417507334713237,0.5286656765169698,0.17756485019344267
9.437507334713237,0.5296656765169698,0.17685932391476272
9.44383140937739,0.5299818802501775,0.17663623387156804
9.46383140937739,0.5309818802501775,0.17645336884868554
9.48383140937739,0.5319818802501775,0.176270503825803
9.503831409377389,0.5329818802501775,0.1760876388029205
9.52383140937739,0.5339818802501775,0.17590477378003797
9.54383140937739,0.5349818802501775,0.17572190875715546
9.56383140937739,0.5359818802501775,0.17553904373427298
9.583831409377389,0.5369818802501775,0.17535617871139045
9.60383140937739,0.5379818802501775,0.17517331368850794
9.62383140937739,0.5389818802501775,0.17499044866562544
9.642817930444298,0.5399312063035229,0.17481685013515744
9.662817930444298,0.5409312063035229,0.1755233383881442
9.682817930444298,0.5419312063035229,0.17622982664113093
9.702817930444297,0.5429312063035229,0.17693631489411768
9.722817930444299,0.5439312063035229,0.17764280314710443
9.742817930444298,0.5449312063035229,0.1783492914000912
9.762817930444298,0.5459312063035229,0.17905577965307792
9.782817930444297,0.5469312063035229,0.17976226790606467
9.797344495559255,0.5476575345592707,0.18027541028656288
9.817344495559254,0.5486575345592707,0.18109795987138796
9.837344495559254,0.5496575345592707,0.18192050945621305
9.857344495559254,0.5506575345592707,0.18274305904103813
9.877344495559255,0.5516575345592707,0.1835656086258632
9.885829773094681,0.552081798436042,0.18391458670155772
9.90582977309468,0.553081798436042,0.1959793177393193
9.92582977309468,0.554081798436042,0.20804404877708085
9.937195953479714,0.5546501074552936,0.21490054424068603
9.957195953479713,0.5556501074552936,0.25262602572536064
9.977195953479713,0.5566501074552936,0.29035150721003516
9.981654256829513,0.5568730226227836,0.2987610892338307
10.001654256829513,0.5578730226227836,0.35539997334791273
10.018343677417896,0.5587074936522027,0.402663481279742
10.038343677417895,0.5597074936522027,0.4483772285389057
10.055033098006287,0.5605419646816223,0.48652402627288666
10.075033098006287,0.5615419646816223,0.4816077857277585
10.092153847758834,0.5623980021692496,0.4773992995229355
10.112153847758833,0.5633980021692496,0.421752414001039
10.128843268347216,0.5642324731986688,0.375316700155613
10.148843268347216,0.5652324731986688,0.35553983112600807
10.168843268347215,0.5662324731986688,0.33576296209640305
10.188843268347215,0.5672324731986688,0.31598609306679815
10.208843268347216,0.5682324731986688,0.29620922403719313
10.217330198484804,0.5686568197055482,0.287816978747469
10.237330198484804,0.5696568197055482,0.26598830482651015
10.257330198484803,0.5706568197055482,0.24415963090555134
10.277330198484803,0.5716568197055482,0.22233095698459251
10.297330198484804,0.5726568197055482,0.20050228306363374
10.305835307246172,0.5730820751436165,0.19121952077292462
10.325835307246171,0.5740820751436165,0.182643624529068
10.34583530724617,0.5750820751436165,0.17406772828521136
10.36583530724617,0.5760820751436165,0.1654918320413547
10.385835307246172,0.5770820751436165,0.15691593579749807
10.405835307246171,0.5780820751436165,0.14834003955364142
10.425835307246171,0.5790820751436165,0.1397641433097848
10.44583530724617,0.5800820751436165,0.13118824706592816
10.446118094330803,0.5800962144978481,0.13106698943108314
10.466118094330803,0.5810962144978481,0.1262879198259397
10.486118094330802,0.5820962144978481,0.12150885022079629
10.506118094330802,0.5830962144978481,0.11672978061565287
10.526118094330803,0.5840962144978481,0.11195071101050945
10.546118094330803,0.5850962144978481,0.10717164140536602
10.566118094330802,0.5860962144978481,0.10239257180022258
10.586118094330802,0.5870962144978481,0.09761350219507918
10.606118094330803,0.5880962144978481,0.09283443258993575
10.626118094330803,0.5890962144978481,0.08805536298479233
10.646118094330802,0.5900962144978481,0.0832762933796489
10.659778069990038,0.5907792132808098,0.08001219465564645
10.679778069990038,0.5917792132808098,0.0785834700019411
10.699778069990037,0.5927792132808098,0.07715474534823576
10.719778069990037,0.5937792132808098,0.07572602069453041
10.739778069990038,0.5947792132808098,0.07429729604082506
10.759778069990038,0.5957792132808098,0.07286857138711972
10.779778069990037,0.5967792132808099,0.07143984673341437
10.799778069990037,0.5977792132808099,0.07001112207970903
10.819778069990038,0.5987792132808099,0.06858239742600368
10.839778069990038,0.5997792132808099,0.06715367277229832
10.859778069990037,0.6007792132808099,0.06572494811859297
10.879778069990037,0.6017792132808099,0.06429622346488763
10.899778069990038,0.6027792132808099,0.06286749881118227
10.919778069990038,0.6037792132808099,0.06143877415747692
10.939778069990037,0.6047792132808099,0.06001004950377157
10.959778069990037,0.6057792132808099,0.05858132485006623
10.979778069990038,0.6067792132808099,0.05715260019636087
10.991276842778,0.6073541519202079,0.05633117118788505
11.011276842777999,0.6083541519202079,0.05527684799979181
11.031276842777999,0.6093541519202079,0.05422252481169857
11.051276842777998,0.6103541519202079,0.05316820162360533
11.071276842778,0.6113541519202079,0.052113878435512094
11.091276842777999,0.6123541519202079,0.051059555247418856
11.111276842777999,0.6133541519202079,0.05000523205932562
11.131276842777998,0.6143541519202079,0.04895090887123238
11.151276842778,0.6153541519202079,0.04789658568313915
11.171276842778,0.6163541519202079,0.0468422624950459
11.191276842777999,0.6173541519202079,0.04578793930695267
11.211276842777998,0.6183541519202079,0.044733616118859426
11.231276842778,0.6193541519202079,0.04367929293076618
11.251276842778,0.6203541519202079,0.04262496974267295
11.271276842777999,0.6213541519202079,0.041570646554579704
11.291276842777998,0.6223541519202079,0.040516323366486466
11.311276842778,0.6233541519202079,0.039462000178393235
11.331276842778,0.6243541519202079,0.03840767699029999
11.337452375362611,0.6246629285494385,0.03808212663016093
11.35745237536261,0.6256629285494385,0.0377340153376909
11.37745237536261,0.6266629285494385,0.037385904045220866
11.39745237536261,0.6276629285494385,0.03703779275275084
11.417452375362611,0.6286629285494385,0.036689681460280815
11.43745237536261,0.6296629285494385,0.03634157016781078
11.45745237536261,0.6306629285494385,0.03599345887534075
11.47745237536261,0.6316629285494385,0.035645347582870725
11.497452375362611,0.6326629285494385,0.03529723629040069
11.51745237536261,0.6336629285494385,0.03494912499793067
11.53745237536261,0.6346629285494385,0.034601013705460634
11.55745237536261,0.6356629285494385,0.0342529024129906
11.577452375362611,0.6366629285494385,0.033904791120520576
11.59745237536261,0.6376629285494385,0.033556679828050544
11.61745237536261,0.6386629285494385,0.03320856853558051
11.63745237536261,0.6396629285494385,0.03286045724311048
11.657452375362611,0.6406629285494385,0.03251234595064045
11.677452375362611,0.6416629285494385,0.03216423465817043
11.69745237536261,0.6426629285494385,0.031816123365700395
11.71745237536261,0.6436629285494385,0.03146801207323036
11.737452375362611,0.6446629285494385,0.031119900780760334
11.757452375362611,0.6456629285494385,0.030771789488290305
11.77745237536261,0.6466629285494385,0.030423678195820276
11.79745237536261,0.6476629285494385,0.030075566903350243
11.817452375362612,0.6486629285494385,0.02972745561088021
11.837452375362611,0.6496629285494385,0.029379344318410185
11.85745237536261,0.6506629285494385,0.029031233025940156
11.86016713385392,0.650798666474004,0.028983981121582476
11.88016713385392,0.651798666474004,0.028798617220994638
11.90016713385392,0.652798666474004,0.028613253320406807
11.92016713385392,0.653798666474004,0.02842788941981897
11.94016713385392,0.654798666474004,0.028242525519231138
11.96016713385392,0.655798666474004,0.028057161618643304
11.98016713385392,0.656798666474004,0.027871797718055466
12.00016713385392,0.657798666474004,0.027686433817467635
12.02016713385392,0.658798666474004,0.0275010699168798
12.04016713385392,0.659798666474004,0.027315706016291966
12.06016713385392,0.660798666474004,0.027130342115704132
12.08016713385392,0.661798666474004,0.026944978215116294
12.10016713385392,0.662798666474004,0.026759614314528463
12.12016713385392,0.663798666474004,0.02657425041394063
12.14016713385392,0.664798666474004,0.02638888651335279
12.16016713385392,0.665798666474004,0.02620352261276496
12.18016713385392,0.666798666474004,0.026018158712177126
12.20016713385392,0.667798666474004,0.025832794811589288
12.22016713385392,0.668798666474004,0.025647430911001457
12.24016713385392,0.669798666474004,0.02546206701041362
12.26016713385392,0.670798666474004,0.02527670310982579
12.28016713385392,0.671798666474004,0.025091339209237954
12.30016713385392,0.672798666474004,0.024905975308650116
12.32016713385392,0.673798666474004,0.024720611408062285
12.340167133853921,0.674798666474004,0.02453524750747445
12.36016713385392,0.675798666474004,0.024349883606886617
12.38016713385392,0.676798666474004,0.024164519706298782
12.40016713385392,0.677798666474004,0.023979155805710944
12.420167133853921,0.678798666474004,0.02379379190512311
12.44016713385392,0.679798666474004,0.02360842800453528
12.46016713385392,0.680798666474004,0.02342306410394744
12.48016713385392,0.681798666474004,0.02323770020335961
12.500167133853921,0.682798666474004,0.023052336302771776
12.52016713385392,0.683798666474004,0.022866972402183938
12.54016713385392,0.684798666474004,0.022681608501596107
12.56016713385392,0.685798666474004,0.02249624460100827
12.580167133853921,0.686798666474004,0.022310880700420435
12.60016713385392,0.687798666474004,0.022125516799832604
12.62016713385392,0.688798666474004,0.021940152899244766
12.64016713385392,0.689798666474004,0.021754788998656932
12.648339377553652,0.6902072786589906,0.021679047050220106
12.668339377553652,0.6912072786589906,0.021759982952944897
12.688339377553651,0.6922072786589906,0.021840918855669685
12.708339377553651,0.6932072786589906,0.021921854758394477
12.728339377553652,0.6942072786589906,0.02200279066111927
12.748339377553652,0.6952072786589906,0.022083726563844063
12.768339377553652,0.6962072786589906,0.02216466246656885
12.788339377553651,0.6972072786589906,0.022245598369293643
12.808339377553652,0.6982072786589906,0.022326534272018434
12.828339377553652,0.6992072786589906,0.022407470174743222
12.848339377553652,0.7002072786589906,0.022488406077468017
12.868339377553651,0.7012072786589906,0.02256934198019281
12.888339377553653,0.7022072786589906,0.022650277882917597
12.908339377553652,0.7032072786589906,0.022731213785642388
12.928339377553652,0.7042072786589906,0.02281214968836718
12.948339377553651,0.7052072786589906,0.022893085591091968
12.968339377553653,0.7062072786589906,0.022974021493816763
12.988339377553652,0.7072072786589906,0.023054957396541554
13.008339377553652,0.7082072786589906,0.023135893299266345
13.028339377553651,0.7092072786589906,0.023216829201991133
13.048339377553653,0.7102072786589906,0.023297765104715925
13.068339377553652,0.7112072786589906,0.023378701007440716
13.088339377553652,0.7122072786589906,0.023459636910165508
13.108339377553651,0.7132072786589906,0.0235405728128903
13.128339377553653,0.7142072786589906,0.02362150871561509
13.148339377553652,0.7152072786589906,0.02370244461833988
13.168339377553652,0.7162072786589906,0.02378338052106467
13.188339377553651,0.7172072786589906,0.023864316423789462
13.208339377553653,0.7182072786589906,0.023945252326514257
13.228339377553652,0.7192072786589906,0.024026188229239045
13.248339377553652,0.7202072786589906,0.024107124131963836
13.268339377553652,0.7212072786589906,0.024188060034688624
13.288339377553653,0.7222072786589906,0.024268995937413416
13.308339377553652,0.7232072786589906,0.024349931840138207
13.328339377553652,0.7242072786589906,0.024430867742863002
13.348339377553652,0.7252072786589906,0.02451180364558779
13.368339377553653,0.7262072786589906,0.02459273954831258
13.388339377553653,0.7272072786589906,0.024673675451037373
13.408339377553652,0.7282072786589906,0.02475461135376216
13.428339377553652,0.7292072786589906,0.024835547256486953
13.448339377553653,0.7302072786589906,0.024916483159211748
13.468339377553653,0.7312072786589906,0.024997419061936536
13.488339377553652,0.7322072786589906,0.025078354964661327
13.508339377553652,0.7332072786589906,0.02515929086738612
13.528339377553653,0.7342072786589906,0.025240226770110907
13.548339377553653,0.7352072786589906,0.025321162672835698
13.568339377553652,0.7362072786589906,0.025402098575560493
13.588339377553652,0.7372072786589906,0.025483034478285285
13.608339377553653,0.7382072786589906,0.025563970381010073
13.628339377553653,0.7392072786589906,0.025644906283734864
13.648339377553652,0.7402072786589906,0.025725842186459652
13.668339377553652,0.7412072786589906,0.025806778089184447
13.688339377553653,0.7422072786589906,0.02588771399190924
13.708339377553653,0.7432072786589906,0.02596864989463403
13.728339377553652,0.7442072786589906,0.026049585797358818
13.748339377553652,0.7452072786589906,0.02613052170008361
13.768339377553653,0.7462072786589906,0.0262114576028084
13.788339377553653,0.7472072786589906,0.02629239350553319
13.808339377553652,0.7482072786589906,0.026373329408257984
13.828339377553652,0.7492072786589906,0.026454265310982775
13.848339377553653,0.7502072786589906,0.026535201213707563
13.868339377553653,0.7512072786589906,0.026616137116432355
13.888339377553653,0.7522072786589906,0.026697073019157146
13.908339377553652,0.7532072786589906,0.026778008921881934
13.928339377553653,0.7542072786589906,0.026858944824606726
13.948339377553653,0.7552072786589906,0.02693988072733152
13.968339377553653,0.7562072786589906,0.027020816630056312
13.988339377553652,0.7572072786589906,0.0271017525327811
14.008339377553654,0.7582072786589906,0.027182688435505892
14.028339377553653,0.7592072786589906,0.02726362433823068
14.048339377553653,0.7602072786589906,0.027344560240955475
14.068339377553652,0.7612072786589906,0.027425496143680266
14.088339377553654,0.7622072786589906,0.027506432046405058
14.108339377553653,0.7632072786589906,0.027587367949129846
14.128339377553653,0.7642072786589906,0.027668303851854637
14.148339377553652,0.7652072786589906,0.02774923975457943
14.168339377553654,0.7662072786589906,0.027830175657304217
14.188339377553653,0.7672072786589906,0.02791111156002901
14.208339377553653,0.7682072786589906,0.027992047462753803
14.228339377553652,0.7692072786589906,0.02807298336547859
14.248339377553654,0.7702072786589906,0.028153919268203383
14.268339377553653,0.7712072786589906,0.028234855170928174
14.288339377553653,0.7722072786589906,0.02831579107365297
14.308339377553652,0.7732072786589906,0.028396726976377757
14.328339377553654,0.7742072786589906,0.02847766287910255
14.348339377553653,0.7752072786589906,0.02855859878182734
14.368339377553653,0.7762072786589906,0.028639534684552128
14.388339377553653,0.7772072786589906,0.02872047058727692
14.408339377553654,0.7782072786589906,0.028801406490001707
14.428339377553653,0.7792072786589906,0.028882342392726502
14.448339377553653,0.7802072786589906,0.028963278295451294
14.453455234777506,0.7804630715201832,0.028983981121582476
14.473455234777505,0.7814630715201832,0.029022426480059968
14.493455234777505,0.7824630715201832,0.02906087183853746
14.513455234777505,0.7834630715201832,0.029099317197014956
14.533455234777506,0.7844630715201832,0.029137762555492448
14.553455234777505,0.7854630715201832,0.02917620791396994
14.573455234777505,0.7864630715201832,0.029214653272447433
14.593455234777505,0.7874630715201832,0.029253098630924925
14.613455234777506,0.7884630715201832,0.029291543989402424
14.633455234777506,0.7894630715201832,0.029329989347879917
14.653455234777505,0.7904630715201832,0.02936843470635741
14.673455234777505,0.7914630715201832,0.0294068800648349
14.693455234777506,0.7924630715201832,0.029445325423312393
14.713455234777506,0.7934630715201832,0.02948377078178989
14.733455234777505,0.7944630715201833,0.02952221614026738
14.753455234777505,0.7954630715201833,0.029560661498744874
14.773455234777506,0.7964630715201833,0.029599106857222366
14.793455234777506,0.7974630715201833,0.02963755221569986
14.813455234777505,0.7984630715201833,0.029675997574177354
14.833455234777505,0.7994630715201833,0.02971444293265485
14.853455234777506,0.8004630715201833,0.029752888291132342
14.873455234777506,0.8014630715201833,0.029791333649609834
14.893455234777505,0.8024630715201833,0.029829779008087327
14.913455234777505,0.8034630715201833,0.029868224366564822
14.933455234777506,0.8044630715201833,0.029906669725042315
14.953455234777506,0.8054630715201833,0.029945115083519807
14.973455234777505,0.8064630715201833,0.0299835604419973
14.993455234777505,0.8074630715201833,0.03002200580047479
15.013455234777506,0.8084630715201833,0.030060451158952287
15.033455234777506,0.8094630715201833,0.030098896517429783
15.053455234777505,0.8104630715201833,0.030137341875907275
15.073455234777505,0.8114630715201833,0.030175787234384768
15.093455234777506,0.8124630715201833,0.03021423259286226
15.113455234777506,0.8134630715201833,0.030252677951339756
15.133455234777506,0.8144630715201833,0.030291123309817248
15.153455234777505,0.8154630715201833,0.03032956866829474
15.173455234777506,0.8164630715201833,0.030368014026772232
15.193455234777506,0.8174630715201833,0.030406459385249728
15.213455234777506,0.8184630715201833,0.03044490474372722
15.233455234777505,0.8194630715201833,0.030483350102204713
15.253455234777507,0.8204630715201833,0.03052179546068221
15.273455234777506,0.8214630715201833,0.0305602408191597
15.293455234777506,0.8224630715201833,0.030598686177637197
15.313455234777505,0.8234630715201833,0.03063713153611469
15.333455234777507,0.8244630715201833,0.03067557689459218
15.353455234777506,0.8254630715201833,0.030714022253069673
15.373455234777506,0.8264630715201833,0.030752467611547166
15.393455234777505,0.8274630715201833,0.03079091297002466
15.413455234777507,0.8284630715201833,0.030829358328502154
15.433455234777506,0.8294630715201833,0.030867803686979646
15.453455234777506,0.8304630715201833,0.03090624904545714
15.473455234777505,0.8314630715201833,0.030944694403934634
15.493455234777507,0.8324630715201833,0.03098313976241213
15.513455234777506,0.8334630715201833,0.031021585120889622
15.533455234777506,0.8344630715201833,0.031060030479367114
15.553455234777505,0.8354630715201833,0.031098475837844607
15.573455234777507,0.8364630715201833,0.0311369211963221
15.593455234777506,0.8374630715201833,0.031175366554799595
15.613455234777506,0.8384630715201833,0.031213811913277087
15.633455234777506,0.8394630715201833,0.03125225727175458
15.653455234777507,0.8404630715201833,0.03129070263023207
15.673455234777506,0.8414630715201833,0.03132914798870957
15.693455234777506,0.8424630715201833,0.03136759334718706
15.713455234777506,0.8434630715201833,0.03140603870566455
15.733455234777507,0.8444630715201833,0.03144448406414205
15.753455234777507,0.8454630715201833,0.031482929422619536
15.773455234777506,0.8464630715201833,0.03152137478109704
15.793455234777506,0.8474630715201833,0.03155982013957453
15.813455234777507,0.8484630715201833,0.031598265498052024
15.833455234777507,0.8494630715201833,0.03163671085652951
15.853455234777506,0.8504630715201833,0.03167515621500701
15.873455234777506,0.8514630715201833,0.0317136015734845
15.893455234777507,0.8524630715201833,0.03175204693196199
15.913455234777507,0.8534630715201833,0.03179049229043949
15.933455234777506,0.8544630715201833,0.03182893764891698
15.953455234777506,0.8554630715201833,0.03186738300739447
15.973455234777507,0.8564630715201833,0.03190582836587197
15.993455234777507,0.8574630715201833,0.031944273724349465
16.013455234777506,0.8584630715201833,0.03198271908282695
16.033455234777506,0.8594630715201833,0.03202116444130445
16.053455234777505,0.8604630715201833,0.03205960979978194
16.073455234777505,0.8614630715201833,0.032098055158259434
16.093455234777505,0.8624630715201833,0.03213650051673693
16.113455234777508,0.8634630715201833,0.03217494587521442
16.133455234777507,0.8644630715201833,0.032213391233691914
16.153455234777507,0.8654630715201833,0.0322518365921694
16.173455234777506,0.8664630715201833,0.032290281950646905
16.193455234777506,0.8674630715201833,0.032328727309124394
16.213455234777506,0.8684630715201833,0.03236717266760189
16.233455234777505,0.8694630715201833,0.03240561802607938
16.253455234777505,0.8704630715201833,0.032444063384556875
16.273455234777508,0.8714630715201833,0.03248250874303436
16.293455234777507,0.8724630715201833,0.03252095410151186
16.313455234777507,0.8734630715201833,0.032559399459989355
16.333455234777507,0.8744630715201833,0.032597844818466844
16.34662338777045,0.8751214791698305,0.032623157536581855
16.36662338777045,0.8761214791698305,0.03270037369391137
16.38662338777045,0.8771214791698305,0.03277758985124089
16.406623387770452,0.8781214791698305,0.0328548060085704
16.42662338777045,0.8791214791698305,0.03293202216589992
16.44662338777045,0.8801214791698305,0.03300923832322943
16.46662338777045,0.8811214791698305,0.03308645448055895
16.48662338777045,0.8821214791698305,0.033163670637888464
16.50662338777045,0.8831214791698305,0.03324088679521798
16.52662338777045,0.8841214791698305,0.033318102952547494
16.54662338777045,0.8851214791698305,0.03339531910987701
16.566623387770452,0.8861214791698305,0.033472535267206525
16.58662338777045,0.8871214791698305,0.03354975142453604
16.60662338777045,0.8881214791698305,0.033626967581865556
16.62662338777045,0.8891214791698305,0.03370418373919507
16.64662338777045,0.8901214791698305,0.03378139989652459
16.66662338777045,0.8911214791698305,0.0338586160538541
16.68662338777045,0.8921214791698305,0.03393583221118362
16.70662338777045,0.8931214791698305,0.034013048368513134
16.726623387770452,0.8941214791698305,0.03409026452584265
16.746623387770452,0.8951214791698305,0.034167480683172165
16.76662338777045,0.8961214791698305,0.03424469684050168
16.78662338777045,0.8971214791698305,0.034321912997831196
16.80662338777045,0.8981214791698305,0.03439912915516071
16.81797361847887,0.8986889907052515,0.03444295021516609
16.83797361847887,0.8976889907052515,-0.006960180295774583
16.839986279270605,0.8975883576656649,-0.01112670316749245
16.859986279270604,0.8965883576656649,-0.011488019480257882
16.879986279270604,0.8955883576656649,-0.011849335793023314
16.899986279270603,0.8945883576656649,-0.012210652105788746
16.919986279270603,0.8935883576656649,-0.012571968418554179
16.939986279270602,0.8925883576656649,-0.01293328473131961
16.959986279270602,0.8915883576656649,-0.013294601044085044
16.979986279270605,0.8905883576656649,-0.013655917356850476
16.999986279270605,0.8895883576656649,-0.014017233669615905
17.019986279270604,0.8885883576656649,-0.014378549982381339
17.039986279270604,0.8875883576656649,-0.01473986629514677
17.059986279270603,0.8865883576656649,-0.015101182607912204
17.079986279270603,0.8855883576656649,-0.015462498920677636
17.099986279270603,0.8845883576656649,-0.01582381523344307
17.119986279270602,0.8835883576656649,-0.0161851315462085
17.139986279270605,0.8825883576656649,-0.016546447858973932
17.14213483766958,0.8824809297457161,-0.016585263318897887
17.16213483766958,0.8814809297457161,-0.016637451513641998
17.18213483766958,0.8804809297457161,-0.016689639708386106
17.20213483766958,0.8794809297457161,-0.016741827903130217
17.22213483766958,0.8784809297457161,-0.016794016097874325
17.242134837669578,0.8774809297457161,-0.016846204292618436
17.262134837669578,0.8764809297457161,-0.016898392487362548
17.28213483766958,0.8754809297457161,-0.016950580682106656
17.30213483766958,0.8744809297457161,-0.017002768876850764
17.32213483766958,0.8734809297457161,-0.017054957071594875
17.34213483766958,0.8724809297457161,-0.017107145266338983
17.36213483766958,0.8714809297457161,-0.017159333461083094
17.38213483766958,0.8704809297457161,-0.017211521655827202
17.40213483766958,0.8694809297457161,-0.017263709850571313
17.422134837669578,0.8684809297457161,-0.017315898045315425
17.44213483766958,0.8674809297457161,-0.017368086240059533
17.46213483766958,0.8664809297457161,-0.017420274434803644
17.48213483766958,0.8654809297457161,-0.017472462629547752
17.50213483766958,0.8644809297457161,-0.01752465082429186
17.52213483766958,0.8634809297457161,-0.01757683901903597
17.54213483766958,0.8624809297457161,-0.01762902721378008
17.56213483766958,0.8614809297457161,-0.01768121540852419
17.582134837669578,0.8604809297457161,-0.017733403603268298
17.60213483766958,0.8594809297457161,-0.01778559179801241
17.62213483766958,0.8584809297457161,-0.01783777999275652
17.64213483766958,0.8574809297457161,-0.01788996818750063
17.66213483766958,0.8564809297457161,-0.01794215638224474
17.68213483766958,0.8554809297457161,-0.017994344576988848
17.70213483766958,0.8544809297457161,-0.018046532771732956
17.72213483766958,0.8534809297457161,-0.018098720966477067
17.742134837669578,0.8524809297457161,-0.01815090916122118
17.76213483766958,0.8514809297457161,-0.018203097355965286
17.78213483766958,0.8504809297457161,-0.018255285550709398
17.80213483766958,0.8494809297457161,-0.018307473745453506
17.82213483766958,0.8484809297457161,-0.018359661940197617
17.84213483766958,0.8474809297457161,-0.018411850134941725
17.86213483766958,0.8464809297457161,-0.018464038329685836
17.88213483766958,0.8454809297457161,-0.018516226524429944
17.90213483766958,0.8444809297457161,-0.018568414719174055
17.92213483766958,0.8434809297457161,-0.018620602913918167
17.94213483766958,0.8424809297457161,-0.018672791108662275
17.96213483766958,0.8414809297457161,-0.018724979303406383
17.98213483766958,0.8404809297457161,-0.018777167498150494
18.00213483766958,0.8394809297457161,-0.018829355692894602
18.02213483766958,0.8384809297457161,-0.018881543887638713
18.04213483766958,0.8374809297457161,-0.01893373208238282
18.06213483766958,0.8364809297457161,-0.018985920277126932
18.08213483766958,0.8354809297457161,-0.019038108471871044
18.10213483766958,0.8344809297457161,-0.01909029666661515
18.12213483766958,0.8334809297457161,-0.019142484861359263
18.14213483766958,0.8324809297457161,-0.01919467305610337
18.16213483766958,0.8314809297457161,-0.019246861250847482
18.18213483766958,0.8304809297457161,-0.01929904944559159
18.20213483766958,0.8294809297457161,-0.019351237640335698
18.22213483766958,0.8284809297457161,-0.01940342583507981
18.24213483766958,0.8274809297457161,-0.01945561402982392
18.26213483766958,0.8264809297457161,-0.01950780222456803
18.28213483766958,0.8254809297457161,-0.01955999041931214
18.30213483766958,0.8244809297457161,-0.019612178614056248
18.32213483766958,0.8234809297457161,-0.01966436680880036
18.34213483766958,0.8224809297457161,-0.019716555003544467
18.36213483766958,0.8214809297457161,-0.01976874319828858
18.38213483766958,0.8204809297457161,-0.01982093139303269
18.402134837669582,0.8194809297457161,-0.019873119587776794
18.42213483766958,0.8184809297457161,-0.01992530778252091
18.44213483766958,0.8174809297457161,-0.019977495977265013
18.46213483766958,0.8164809297457161,-0.020029684172009125
18.48213483766958,0.8154809297457161,-0.020081872366753233
18.50213483766958,0.8144809297457161,-0.020134060561497344
18.52213483766958,0.8134809297457161,-0.020186248756241455
18.54213483766958,0.8124809297457161,-0.020238436950985563
18.562134837669582,0.8114809297457161,-0.020290625145729674
18.58213483766958,0.8104809297457161,-0.020342813340473782
18.60213483766958,0.8094809297457161,-0.020395001535217894
18.62213483766958,0.8084809297457161,-0.020447189729962
18.64213483766958,0.8074809297457161,-0.020499377924706113
18.66213483766958,0.8064809297457161,-0.02055156611945022
18.68213483766958,0.8054809297457161,-0.020603754314194332
18.70213483766958,0.8044809297457161,-0.020655942508938444
18.722134837669582,0.803480929745716,-0.02070813070368255
18.74213483766958,0.802480929745716,-0.020760318898426663
18.76213483766958,0.801480929745716,-0.02081250709317077
18.78213483766958,0.800480929745716,-0.020864695287914882
18.80213483766958,0.799480929745716,-0.020916883482658993
18.82213483766958,0.798480929745716,-0.0209690716774031
18.84213483766958,0.797480929745716,-0.021021259872147206
18.86213483766958,0.796480929745716,-0.021073448066891317
18.882134837669582,0.795480929745716,-0.021125636261635432
18.902134837669582,0.794480929745716,-0.021177824456379536
18.92213483766958,0.793480929745716,-0.021230012651123648
18.94213483766958,0.792480929745716,-0.021282200845867755
18.96213483766958,0.791480929745716,-0.021334389040611867
18.98213483766958,0.790480929745716,-0.021386577235355978
19.00213483766958,0.789480929745716,-0.021438765430100086
19.02213483766958,0.788480929745716,-0.021490953624844197
19.042134837669582,0.787480929745716,-0.021543141819588305
19.062134837669582,0.786480929745716,-0.021595330014332417
19.08213483766958,0.785480929745716,-0.021647518209076524
19.10213483766958,0.784480929745716,-0.021699706403820636
19.12213483766958,0.783480929745716,-0.021751894598564744
19.14213483766958,0.782480929745716,-0.021804082793308855
19.16213483766958,0.781480929745716,-0.021856270988052966
19.18213483766958,0.780480929745716,-0.021908459182797074
19.202134837669583,0.779480929745716,-0.021960647377541186
19.222134837669582,0.778480929745716,-0.022012835572285294
19.24213483766958,0.777480929745716,-0.022065023767029405
19.26213483766958,0.776480929745716,-0.022117211961773513
19.28213483766958,0.775480929745716,-0.022169400156517624
19.30213483766958,0.774480929745716,-0.02222158835126173
19.32213483766958,0.773480929745716,-0.022273776546005843
19.34213483766958,0.772480929745716,-0.022325964740749955
19.362134837669583,0.771480929745716,-0.02237815293549406
19.382134837669582,0.770480929745716,-0.022430341130238167
19.402134837669582,0.769480929745716,-0.02248252932498228
19.42213483766958,0.768480929745716,-0.02253471751972639
19.44213483766958,0.767480929745716,-0.022586905714470498
19.46213483766958,0.766480929745716,-0.02263909390921461
19.48213483766958,0.765480929745716,-0.022691282103958717
19.50213483766958,0.764480929745716,-0.022743470298702828
19.522134837669583,0.763480929745716,-0.02279565849344694
19.542134837669582,0.762480929745716,-0.022847846688191047
19.562134837669582,0.761480929745716,-0.02290003488293516
19.58213483766958,0.760480929745716,-0.022952223077679267
19.60213483766958,0.759480929745716,-0.023004411272423378
19.62213483766958,0.758480929745716,-0.02305659946716749
19.64213483766958,0.757480929745716,-0.023108787661911597
19.66213483766958,0.756480929745716,-0.023160975856655705
19.682134837669583,0.755480929745716,-0.023213164051399816
19.702134837669583,0.754480929745716,-0.023265352246143928
19.722134837669582,0.753480929745716,-0.023317540440888036
19.74213483766958,0.752480929745716,-0.02336972863563214
19.76213483766958,0.751480929745716,-0.023421916830376255
19.78213483766958,0.750480929745716,-0.023474105025120366
19.80213483766958,0.749480929745716,-0.02352629321986447
19.82213483766958,0.748480929745716,-0.023578481414608582
19.842134837669583,0.747480929745716,-0.02363066960935269
19.862134837669583,0.746480929745716,-0.0236828578040968
19.882134837669582,0.745480929745716,-0.023735045998840913
19.902134837669582,0.744480929745716,-0.02378723419358502
19.92213483766958,0.743480929745716,-0.023839422388329132
19.94213483766958,0.742480929745716,-0.02389161058307324
19.96213483766958,0.741480929745716,-0.02394379877781735
19.98213483766958,0.740480929745716,-0.02399598697256146
20.002134837669583,0.739480929745716,-0.02404817516730557
20.022134837669583,0.738480929745716,-0.024100363362049678
20.04213483766958,0.737480929745716,-0.02415255155679379
20.06213483766958,0.736480929745716,-0.0242047397515379
20.082134837669575,0.735480929745716,-0.02425692794628201
20.102134837669574,0.734480929745716,-0.02430911614102612
20.12213483766957,0.733480929745716,-0.024361304335770228
20.14213483766957,0.732480929745716,-0.02441349253051434
20.162134837669566,0.731480929745716,-0.024465680725258447
20.182134837669565,0.730480929745716,-0.02451786892000256
20.20213483766956,0.729480929745716,-0.024570057114746663
20.22213483766956,0.728480929745716,-0.024622245309490778
20.242134837669557,0.727480929745716,-0.02467443350423489
20.262134837669556,0.726480929745716,-0.024726621698978993
20.282134837669552,0.725480929745716,-0.02477880989372311
20.302134837669552,0.724480929745716,-0.024830998088467213
20.322134837669548,0.723480929745716,-0.024883186283211324
20.342134837669548,0.722480929745716,-0.024935374477955435
20.362134837669544,0.721480929745716,-0.024987562672699543
20.382134837669543,0.720480929745716,-0.025039750867443655
20.40213483766954,0.719480929745716,-0.025091939062187762
20.42213483766954,0.718480929745716,-0.025144127256931874
20.442134837669535,0.717480929745716,-0.02519631545167598
20.462134837669534,0.716480929745716,-0.025248503646420093
20.48213483766953,0.715480929745716,-0.0253006918411642
20.50213483766953,0.714480929745716,-0.025352880035908312
20.522134837669526,0.713480929745716,-0.025405068230652424
20.542134837669526,0.712480929745716,-0.02545725642539653
20.56213483766952,0.711480929745716,-0.025509444620140643
20.58213483766952,0.710480929745716,-0.02556163281488475
20.602134837669517,0.709480929745716,-0.025613821009628862
20.622134837669517,0.708480929745716,-0.02566600920437297
20.642134837669513,0.707480929745716,-0.02571819739911708
20.662134837669512,0.706480929745716,-0.02577038559386119
20.68213483766951,0.705480929745716,-0.0258225737886053
20.702134837669508,0.704480929745716,-0.025874761983349412
20.722134837669504,0.703480929745716,-0.025926950178093516
20.742134837669504,0.702480929745716,-0.02597913837283763
20.7621348376695,0.701480929745716,-0.026031326567581736
20.7821348376695,0.700480929745716,-0.026083514762325847
20.802134837669495,0.699480929745716,-0.02613570295706996
20.822134837669495,0.698480929745716,-0.026187891151814066
20.84213483766949,0.697480929745716,-0.026240079346558174
20.86213483766949,0.696480929745716,-0.026292267541302285
20.882134837669486,0.695480929745716,-0.026344455736046397
20.902134837669486,0.694480929745716,-0.026396643930790505
20.922134837669482,0.693480929745716,-0.026448832125534616
20.94213483766948,0.692480929745716,-0.026501020320278724
20.962134837669478,0.691480929745716,-0.026553208515022835
20.982134837669477,0.690480929745716,-0.026605396709766947
21.002134837669473,0.689480929745716,-0.026657584904511054
21.022134837669473,0.688480929745716,-0.026709773099255162
21.04213483766947,0.687480929745716,-0.026761961293999274
21.06213483766947,0.686480929745716,-0.026814149488743385
21.082134837669464,0.685480929745716,-0.026866337683487496
21.102134837669464,0.684480929745716,-0.026918525878231597
21.12213483766946,0.683480929745716,-0.026970714072975712
21.14213483766946,0.682480929745716,-0.027022902267719823
21.162134837669456,0.681480929745716,-0.027075090462463935
21.182134837669455,0.680480929745716,-0.027127278657208043
21.20213483766945,0.679480929745716,-0.027179466851952147
21.22213483766945,0.6784809297457159,-0.02723165504669626
21.242134837669447,0.6774809297457159,-0.02728384324144037
21.262134837669446,0.6764809297457159,-0.027336031436184485
21.282134837669442,0.6754809297457159,-0.027388219630928586
21.302134837669442,0.6744809297457159,-0.027440407825672697
21.322134837669438,0.6734809297457159,-0.027492596020416808
21.342134837669438,0.6724809297457159,-0.02754478421516092
21.362134837669434,0.6714809297457159,-0.027596972409905027
21.382134837669433,0.6704809297457159,-0.027649160604649135
21.40213483766943,0.6694809297457159,-0.027701348799393247
21.42213483766943,0.6684809297457159,-0.027753536994137358
21.442134837669425,0.6674809297457159,-0.02780572518888147
21.462134837669424,0.6664809297457159,-0.027857913383625577
21.48213483766942,0.6654809297457159,-0.027910101578369685
21.50213483766942,0.6644809297457159,-0.027962289773113796
21.522134837669416,0.6634809297457159,-0.028014477967857908
21.542134837669416,0.6624809297457159,-0.028066666162602016
21.56213483766941,0.6614809297457159,-0.028118854357346124
21.58213483766941,0.6604809297457159,-0.028171042552090235
21.602134837669407,0.6594809297457159,-0.028223230746834346
21.622134837669407,0.6584809297457159,-0.02827541894157845
21.642134837669403,0.6574809297457159,-0.028327607136322566
21.662134837669402,0.6564809297457159,-0.02837979533106667
21.6821348376694,0.6554809297457159,-0.02843198352581078
21.702134837669398,0.6544809297457159,-0.028484171720554896
21.722134837669394,0.6534809297457159,-0.028536359915299
21.742134837669393,0.6524809297457159,-0.02858854811004311
21.76213483766939,0.6514809297457159,-0.02864073630478722
21.78213483766939,0.6504809297457159,-0.02869292449953133
21.802134837669385,0.6494809297457159,-0.028745112694275442
21.822134837669385,0.6484809297457159,-0.02879730088901955
21.84213483766938,0.6474809297457159,-0.028849489083763658
21.86213483766938,0.6464809297457159,-0.02890167727850777
21.882134837669376,0.6454809297457159,-0.02895386547325188
21.902134837669376,0.6444809297457159,-0.02900605366799599
21.922134837669372,0.6434809297457159,-0.0290582418627401
21.94213483766937,0.6424809297457159,-0.029110430057484208
21.962134837669367,0.6414809297457159,-0.02916261825222832
21.982134837669367,0.6404809297457159,-0.02921480644697243
22.002134837669363,0.6394809297457159,-0.02926699464171654
22.022134837669363,0.6384809297457159,-0.029319182836460646
22.033468705550632,0.6379142363516523,-0.02934875754167024
22.05346870555063,0.6369142363516523,-0.029768612588985468
22.073468705550628,0.6359142363516523,-0.030188467636300693
22.093468705550627,0.6349142363516523,-0.030608322683615918
22.113468705550623,0.6339142363516523,-0.031028177730931143
22.133468705550623,0.6329142363516523,-0.03144803277824637
22.15346870555062,0.6319142363516523,-0.031867887825561596
22.17346870555062,0.6309142363516523,-0.03228774287287682
22.193468705550615,0.6299142363516523,-0.03270759792019205
22.213468705550614,0.6289142363516523,-0.03312745296750728
22.23346870555061,0.6279142363516523,-0.0335473080148225
22.25346870555061,0.6269142363516523,-0.033967163062137734
22.273468705550606,0.6259142363516523,-0.03438701810945295
22.293468705550605,0.6249142363516523,-0.034806873156768184
22.3134687055506,0.6239142363516523,-0.03522672820408341
22.3334687055506,0.6229142363516523,-0.035646583251398634
22.353468705550597,0.6219142363516523,-0.03606643829871386
22.373468705550597,0.6209142363516523,-0.03648629334602909
22.393468705550593,0.6199142363516523,-0.036906148393344315
22.413468705550592,0.6189142363516523,-0.03732600344065954
22.433468705550588,0.6179142363516523,-0.03774585848797477
22.453468705550588,0.6169142363516523,-0.03816571353529
22.468129515670626,0.6161811958456505,-0.03847348429162139
22.488129515670625,0.6151811958456505,-0.03909265014860885
22.50812951567062,0.6141811958456505,-0.039711816005596305
22.52812951567062,0.6131811958456505,-0.040330981862583756
22.548129515670617,0.6121811958456504,-0.040950147719571214
22.568129515670616,0.6111811958456504,-0.04156931357655866
22.588129515670612,0.6101811958456504,-0.04218847943354612
22.608129515670612,0.6091811958456504,-0.042807645290533575
22.628129515670608,0.6081811958456504,-0.043426811147521026
22.648129515670608,0.6071811958456504,-0.044045977004508484
22.668129515670604,0.6061811958456504,-0.04466514286149594
22.688129515670603,0.6051811958456504,-0.04528430871848339
22.7081295156706,0.6041811958456504,-0.04590347457547085
22.7281295156706,0.6031811958456504,-0.04652264043245831
22.748129515670595,0.6021811958456504,-0.04714180628944576
22.768129515670594,0.6011811958456504,-0.04776097214643322
22.78812951567059,0.6001811958456504,-0.04838013800342068
22.80812951567059,0.5991811958456504,-0.04899930386040813
22.821640949250284,0.5985056241666658,-0.04941759477798314
22.841640949250284,0.5975056241666657,-0.051509111086927975
22.86164094925028,0.5965056241666657,-0.053600627395872805
22.88164094925028,0.5955056241666657,-0.05569214370481764
22.901640949250275,0.5945056241666657,-0.05778366001376248
22.921640949250275,0.5935056241666657,-0.05987517632270731
22.94164094925027,0.5925056241666657,-0.061966692631652144
22.96164094925027,0.5915056241666657,-0.06405820894059698
22.981640949250266,0.5905056241666657,-0.06614972524954181
23.001640949250266,0.5895056241666657,-0.06824124155848664
23.01328991671993,0.5889231757931825,-0.06945944183074516
23.03328991671993,0.5879231757931825,-0.07231334981116319
23.053289916719926,0.5869231757931825,-0.07516725779158122
23.073289916719926,0.5859231757931825,-0.07802116577199925
23.09328991671992,0.5849231757931825,-0.08087507375241729
23.11328991671992,0.5839231757931825,-0.08372898173283529
23.133289916719917,0.5829231757931825,-0.08658288971325333
23.153289916719917,0.5819231757931825,-0.08943679769367135
23.173289916719913,0.5809231757931825,-0.09229070567408938
23.193289916719912,0.5799231757931825,-0.09514461365450741
23.204937231587415,0.5793408100498074,-0.09680663189704775
23.224937231587415,0.5783408100498074,-0.102085669322873
23.24493723158741,0.5773408100498074,-0.10736470674869825
23.26493723158741,0.5763408100498074,-0.1126437441745235
23.284937231587406,0.5753408100498074,-0.11792278160034876
23.304937231587406,0.5743408100498074,-0.123201819026174
23.324937231587402,0.5733408100498074,-0.12848085645199928
23.3449372315874,0.5723408100498074,-0.1337598938778245
23.364937231587398,0.5713408100498074,-0.13903893130364975
23.384937231587397,0.5703408100498074,-0.14431796872947503
23.404937231587393,0.5693408100498074,-0.14959700615530028
23.424937231587393,0.5683408100498074,-0.15487604358112553
23.42593641344603,0.5682908509568754,-0.1551397795024741
23.445936413446027,0.5672908509568754,-0.16965465285542589
23.465936413446027,0.5662908509568754,-0.18416952620837773
23.485936413446023,0.5652908509568754,-0.19868439956132952
23.505936413446022,0.5642908509568754,-0.21319927291428137
23.52593641344602,0.5632908509568754,-0.2277141462672332
23.536436004375343,0.5627658714104093,-0.2353341578970776
23.55643600437534,0.5617658714104093,-0.2576940483313909
23.57643600437534,0.5607658714104093,-0.2800539387657042
23.596436004375335,0.5597658714104093,-0.3024138292000175
23.616436004375334,0.5587658714104093,-0.3247737196343309
23.624489952746597,0.5583631739918462,-0.3337779897915834
23.644489952746593,0.5573631739918462,-0.359009596158607
23.664489952746592,0.5563631739918462,-0.3842412025256305
23.68448995274659,0.5553631739918462,-0.4094728088926541
23.69096256949028,0.5550395431546615,-0.4176385347847281
23.70563932928693,0.554305705164829,-0.4832496262779751
23.725639329286928,0.553305705164829,-0.5379022935869933
23.727651990078662,0.5532050721252424,-0.5434021576198166
23.747651990078662,0.5522050721252424,-0.5316237151395873
23.76477273983122,0.5513490346376146,-0.5215409268306439
23.784772739831215,0.5503490346376146,-0.4586001870925888
23.804772739831215,0.5493490346376146,-0.3956594473545338
23.80879971401684,0.5491476859283333,-0.3829864106470632
23.828799714016842,0.5481476859283333,-0.2687298090197438
23.83081402741074,0.5480469702586386,-0.25722237886980565
23.85081402741074,0.5470469702586386,-0.22119456603745755
23.860165894401888,0.5465793769090812,-0.20434820035795384
23.880165894401884,0.5455793769090812,-0.1989174430782028
23.900165894401884,0.5445793769090812,-0.1934866857984517
23.92016589440188,0.5435793769090812,-0.18805592851870068
23.933976064742815,0.5428888683920343,-0.18430594436301817
23.953976064742815,0.5418888683920343,-0.18237955732227262
23.97397606474281,0.5408888683920343,-0.1804531702815271
23.99397606474281,0.5398888683920343,-0.17852678324078156
24.013976064742806,0.5388888683920343,-0.176600396200036
24.033976064742806,0.5378888683920343,-0.1746740091592905
24.053976064742802,0.5368888683920343,-0.17274762211854494
24.066488316463854,0.5362632558059817,-0.17154245014024583
24.086488316463857,0.5352632558059817,-0.17154245014024583
24.106488316463857,0.5342632558059817,-0.17154245014024583
24.126488316463853,0.5332632558059817,-0.17154245014024583
24.146488316463852,0.5322632558059817,-0.17154245014024583
24.166488316463848,0.5312632558059817,-0.17154245014024583
24.186488316463848,0.5302632558059817,-0.17154245014024583
24.206488316463844,0.5292632558059817,-0.17154245014024583
24.226488316463843,0.5282632558059817,-0.17154245014024583
24.24648831646384,0.5272632558059817,-0.17154245014024583
24.26648831646384,0.5262632558059817,-0.17154245014024583
24.286488316463835,0.5252632558059817,-0.17154245014024583
24.306488316463835,0.5242632558059817,-0.17154245014024583
24.32648831646383,0.5232632558059817,-0.17154245014024583
24.34648831646383,0.5222632558059817,-0.17154245014024583
24.366488316463826,0.5212632558059817,-0.17154245014024583
24.386488316463826,0.5202632558059817,-0.17154245014024583
24.390649535654543,0.5200551948464458,-0.17154245014024583
24.41064953565454,0.5190551948464458,-0.17220843594866256
24.43064953565454,0.5180551948464458,-0.17287442175707932
24.450649535654534,0.5170551948464458,-0.17354040756549602
24.470649535654534,0.5160551948464458,-0.17420639337391275
24.49064953565453,0.5150551948464458,-0.1748723791823295
24.51064953565453,0.5140551948464458,-0.17553836499074624
24.530649535654526,0.5130551948464458,-0.176204350799163
24.550649535654525,0.5120551948464458,-0.1768703366075797
24.57064953565452,0.5110551948464458,-0.17753632241599643
24.59064953565452,0.5100551948464458,-0.1782023082244132
24.610649535654517,0.5090551948464458,-0.17886829403282992
24.630649535654516,0.5080551948464458,-0.17953427984124667
24.650649535654512,0.5070551948464458,-0.18020026564966338
24.670649535654512,0.5060551948464458,-0.1808662514580801
24.690649535654508,0.5050551948464458,-0.18153223726649687
24.710649535654508,0.5040551948464458,-0.1821982230749136
24.730649535654504,0.5030551948464458,-0.18286420888333033
24.750649535654503,0.5020551948464458,-0.18353019469174706
24.7706495356545,0.5010551948464458,-0.1841961805001638
24.773945817991663,0.5008903807295875,-0.18430594436301817
24.793945817991663,0.49989038072958747,-0.18521862548695364
24.81394581799166,0.49889038072958747,-0.18613130661088914
24.83394581799166,0.49789038072958747,-0.1870439877348246
24.853945817991654,0.49689038072958747,-0.18795666885876006
24.873945817991654,0.49589038072958747,-0.18886934998269553
24.89394581799165,0.49489038072958746,-0.18978203110663103
24.91394581799165,0.49389038072958746,-0.1906947122305665
24.933945817991646,0.49289038072958746,-0.19160739335450194
24.953945817991645,0.49189038072958746,-0.19252007447843741
24.97394581799164,0.49089038072958746,-0.1934327556023729
24.99394581799164,0.48989038072958746,-0.19434543672630838
25.013945817991637,0.48889038072958746,-0.19525811785024386
25.033945817991636,0.48789038072958746,-0.1961707989741793
25.053647081230395,0.48690531756764965,-0.19706984752796416
25.07364708123039,0.48590531756764965,-0.19751383634001568
25.09364708123039,0.48490531756764965,-0.19795782515206714
25.113647081230386,0.48390531756764965,-0.19840181396411866
25.133647081230386,0.48290531756764965,-0.19884580277617014
25.153647081230382,0.48190531756764965,-0.19928979158822163
25.17364708123038,0.48090531756764965,-0.19973378040027315
25.193647081230377,0.47990531756764965,-0.20017776921232464
25.213647081230377,0.47890531756764965,-0.20062175802437612
25.233647081230373,0.47790531756764965,-0.20106574683642764
25.253647081230373,0.47690531756764964,-0.20150973564847913
25.27364708123037,0.47590531756764964,-0.20195372446053061
25.293647081230368,0.47490531756764964,-0.2023977132725821
25.313647081230364,0.47390531756764964,-0.20284170208463362
25.333647081230364,0.47290531756764964,-0.2032856908966851
25.35364708123036,0.47190531756764964,-0.2037296797087366
25.37364708123036,0.47090531756764964,-0.2041736685207881
25.393647081230355,0.46990531756764964,-0.20461765733283957
25.413647081230355,0.46890531756764964,-0.20506164614489109
25.43364708123035,0.46790531756764964,-0.2055056349569426
25.45364708123035,0.46690531756764964,-0.20594962376899412
25.473647081230347,0.46590531756764964,-0.20639361258104558
25.493647081230346,0.46490531756764963,-0.2068376013930971
25.513647081230342,0.46390531756764963,-0.20728159020514858
25.53364708123034,0.46290531756764963,-0.20772557901720007
25.553647081230338,0.46190531756764963,-0.20816956782925158
25.573647081230337,0.46090531756764963,-0.20861355664130307
25.593647081230333,0.45990531756764963,-0.20905754545335456
25.613647081230333,0.45890531756764963,-0.20950153426540608
25.628612162263096,0.4581570635160115,-0.2098337506929056
25.648612162263092,0.4571570635160115,-0.2098337506929056
25.66861216226309,0.4561570635160115,-0.2098337506929056
25.688612162263087,0.4551570635160115,-0.2098337506929056
25.708612162263087,0.4541570635160115,-0.2098337506929056
25.728612162263083,0.4531570635160115,-0.2098337506929056
25.748612162263083,0.4521570635160115,-0.2098337506929056
25.76861216226308,0.4511570635160115,-0.2098337506929056
25.788612162263078,0.4501570635160115,-0.2098337506929056
25.808612162263074,0.4491570635160115,-0.2098337506929056
25.828612162263074,0.4481570635160115,-0.2098337506929056
25.84861216226307,0.4471570635160115,-0.2098337506929056
25.86861216226307,0.4461570635160115,-0.2098337506929056
25.888612162263065,0.4451570635160115,-0.2098337506929056
25.908612162263065,0.4441570635160115,-0.2098337506929056
25.92861216226306,0.4431570635160115,-0.2098337506929056
25.94861216226306,0.4421570635160115,-0.2098337506929056
25.968612162263057,0.44115706351601147,-0.2098337506929056
25.988612162263056,0.44015706351601147,-0.2098337506929056
26.008612162263052,0.43915706351601147,-0.2098337506929056
26.02861216226305,0.43815706351601147,-0.2098337506929056
26.048612162263048,0.43715706351601147,-0.2098337506929056
26.068612162263047,0.43615706351601147,-0.2098337506929056
26.070610525980335,0.43605714533014694,-0.2098337506929056
26.09061052598034,0.43505714533014694,-0.2098337506929056
26.110610525980338,0.43405714533014694,-0.2098337506929056
26.130610525980334,0.43305714533014694,-0.2098337506929056
26.150610525980333,0.43205714533014694,-0.2098337506929056
26.17061052598033,0.43105714533014694,-0.2098337506929056
26.19061052598033,0.43005714533014694,-0.2098337506929056
26.210610525980325,0.42905714533014694,-0.2098337506929056
26.230610525980325,0.42805714533014694,-0.2098337506929056
26.25061052598032,0.42705714533014694,-0.2098337506929056
26.27061052598032,0.42605714533014694,-0.2098337506929056
26.290610525980316,0.42505714533014693,-0.2098337506929056
26.310610525980316,0.42405714533014693,-0.2098337506929056
26.330610525980312,0.42305714533014693,-0.2098337506929056
26.35061052598031,0.42205714533014693,-0.2098337506929056
26.370610525980307,0.42105714533014693,-0.2098337506929056
26.390610525980307,0.42005714533014693,-0.2098337506929056
26.410610525980303,0.41905714533014693,-0.2098337506929056
26.430610525980303,0.41805714533014693,-0.2098337506929056
26.4506105259803,0.41705714533014693,-0.2098337506929056
26.470610525980298,0.4160571453301469,-0.2098337506929056
26.490610525980294,0.4150571453301469,-0.2098337506929056
26.510610525980294,0.4140571453301469,-0.2098337506929056
26.53061052598029,0.4130571453301469,-0.2098337506929056
26.55061052598029,0.4120571453301469,-0.2098337506929056
26.570610525980285,0.4110571453301469,-0.2098337506929056
26.590610525980285,0.4100571453301469,-0.2098337506929056
26.593756613635747,0.40989984094737375,-0.2098337506929056
26.61375661363575,0.40889984094737375,-0.20905055182455276
26.633756613635747,0.40789984094737375,-0.2082673529561999
26.653756613635746,0.40689984094737375,-0.20748415408784707
26.673756613635742,0.40589984094737375,-0.20670095521949422
26.693756613635742,0.40489984094737375,-0.20591775635114137
26.713756613635738,0.40389984094737374,-0.20513455748278853
26.733756613635737,0.40289984094737374,-0.20435135861443562
26.753756613635733,0.40189984094737374,-0.20356815974608278
26.773756613635733,0.40089984094737374,-0.20278496087772993
26.79375661363573,0.39989984094737374,-0.20200176200937708
26.81375661363573,0.39889984094737374,-0.20121856314102424
26.833756613635725,0.39789984094737374,-0.2004353642726714
26.853756613635724,0.39689984094737374,-0.19965216540431854
26.87375661363572,0.39589984094737374,-0.1988689665359657
26.89375661363572,0.39489984094737374,-0.19808576766761285
26.913756613635716,0.39389984094737374,-0.19730256879926
26.933756613635715,0.39289984094737374,-0.19651936993090716
26.95375661363571,0.39189984094737373,-0.1957361710625543
26.97375661363571,0.39089984094737373,-0.19495297219420146
26.993756613635707,0.38989984094737373,-0.19416977332584856
27.01330933479494,0.3889222048894121,-0.19340408987159208
27.03330933479494,0.3879222048894121,-0.19312975009555902
27.053309334794935,0.3869222048894121,-0.19285541031952597
27.073309334794935,0.3859222048894121,-0.19258107054349294
27.09330933479493,0.3849222048894121,-0.1923067307674599
27.11330933479493,0.3839222048894121,-0.19203239099142685
27.133309334794927,0.3829222048894121,-0.1917580512153938
27.153309334794926,0.3819222048894121,-0.19148371143936074
27.173309334794922,0.3809222048894121,-0.1912093716633277
27.19330933479492,0.3799222048894121,-0.19093503188729466
27.213309334794918,0.3789222048894121,-0.1906606921112616
27.233309334794917,0.3779222048894121,-0.19038635233522858
27.253309334794913,0.3769222048894121,-0.19011201255919552
27.273309334794913,0.3759222048894121,-0.18983767278316246
27.29330933479491,0.3749222048894121,-0.1895633330071294
27.31330933479491,0.3739222048894121,-0.18928899323109638
27.333309334794905,0.3729222048894121,-0.18901465345506333
27.353309334794904,0.3719222048894121,-0.18874031367903027
27.3733093347949,0.3709222048894121,-0.18846597390299724
27.3933093347949,0.3699222048894121,-0.18819163412696419
27.41128072432654,0.3690236354128298,-0.18794512077800846
27.43128072432654,0.3680236354128298,-0.18794512077800846
27.451280724326537,0.3670236354128298,-0.18794512077800846
27.471280724326537,0.3660236354128298,-0.18794512077800846
27.491280724326533,0.3650236354128298,-0.18794512077800846
27.511280724326532,0.3640236354128298,-0.18794512077800846
27.53128072432653,0.3630236354128298,-0.18794512077800846
27.551280724326528,0.3620236354128298,-0.18794512077800846
27.571280724326524,0.3610236354128298,-0.18794512077800846
27.591280724326523,0.3600236354128298,-0.18794512077800846
27.61128072432652,0.3590236354128298,-0.18794512077800846
27.63128072432652,0.3580236354128298,-0.18794512077800846
27.651280724326515,0.3570236354128298,-0.18794512077800846
27.671280724326515,0.3560236354128298,-0.18794512077800846
27.69128072432651,0.3550236354128298,-0.18794512077800846
27.6914149693316,0.35501692316257527,-0.18794512077800846
27.711414969331603,0.35401692316257527,-0.18883446597660913
27.731414969331603,0.35301692316257527,-0.18972381117520978
27.7514149693316,0.35201692316257527,-0.19061315637381046
27.771414969331598,0.35101692316257527,-0.19150250157241114
27.791414969331594,0.35001692316257527,-0.19239184677101182
27.811414969331594,0.34901692316257527,-0.19328119196961246
27.83141496933159,0.34801692316257526,-0.19417053716821314
27.85141496933159,0.34701692316257526,-0.19505988236681382
27.871414969331585,0.34601692316257526,-0.19594922756541447
27.891414969331585,0.34501692316257526,-0.19683857276401515
27.91141496933158,0.34401692316257526,-0.19772791796261582
27.93141496933158,0.34301692316257526,-0.1986172631612165
27.951414969331577,0.34201692316257526,-0.19950660835981715
27.971414969331576,0.34101692316257526,-0.20039595355841783
27.978455438769746,0.3406648996906667,-0.20070902394295445
27.99845543876975,0.3396648996906667,-0.20176902357394635
28.018455438769745,0.3386648996906667,-0.20282902320493823
28.038455438769745,0.3376648996906667,-0.20388902283593013
28.05845543876974,0.3366648996906667,-0.20494902246692198
28.07845543876974,0.3356648996906667,-0.20600902209791389
28.098455438769737,0.3346648996906667,-0.20706902172890576
28.118455438769736,0.3336648996906667,-0.20812902135989766
28.138455438769732,0.3326648996906667,-0.20918902099088954
28.15845543876973,0.3316648996906667,-0.21024902062188144
28.178455438769728,0.3306648996906667,-0.21130902025287332
28.198455438769727,0.3296648996906667,-0.21236901988386522
28.218455438769723,0.3286648996906667,-0.21342901951485707
28.238455438769723,0.3276648996906667,-0.21448901914584897
28.25845543876972,0.3266648996906667,-0.21554901877684088
28.27845543876972,0.3256648996906667,-0.21660901840783275
28.28793989816378,0.32519067672096336,-0.21711169458072618
28.30793989816378,0.32419067672096336,-0.21812166720139306
28.327939898163777,0.32319067672096335,-0.21913163982205994
28.347939898163776,0.32219067672096335,-0.22014161244272681
28.367939898163772,0.32119067672096335,-0.22115158506339375
28.387939898163772,0.32019067672096335,-0.22216155768406062
28.407939898163768,0.31919067672096335,-0.2231715303047275
28.427939898163768,0.31819067672096335,-0.22418150292539438
28.447939898163764,0.31719067672096335,-0.22519147554606125
28.467939898163763,0.31619067672096335,-0.22620144816672813
28.48793989816376,0.31519067672096335,-0.22721142078739504
28.50793989816376,0.31419067672096335,-0.2282213934080619
28.527939898163755,0.31319067672096335,-0.22923136602872882
28.547939898163754,0.31219067672096334,-0.2302413386493957
28.56793989816375,0.31119067672096334,-0.23125131127006257
28.58793989816375,0.31019067672096334,-0.23226128389072945
28.607939898163746,0.30919067672096334,-0.23327125651139635
28.627939898163746,0.30819067672096334,-0.23428122913206323
28.64793989816374,0.30719067672096334,-0.2352912017527301
28.64879053794285,0.3071481447320079,-0.2353341578970776
28.668790537942854,0.3061481447320079,-0.23546754541926682
28.68879053794285,0.3051481447320079,-0.23560093294145598
28.70879053794285,0.3041481447320079,-0.2357343204636452
28.728790537942846,0.3031481447320079,-0.23586770798583437
28.748790537942845,0.3021481447320079,-0.2360010955080236
28.76879053794284,0.3011481447320079,-0.23613448303021276
28.78879053794284,0.3001481447320079,-0.23626787055240198
28.808790537942837,0.2991481447320079,-0.23640125807459117
28.828790537942837,0.2981481447320079,-0.23653464559678036
28.848790537942833,0.2971481447320079,-0.23666803311896956
28.868790537942832,0.2961481447320079,-0.23680142064115875
28.88879053794283,0.2951481447320079,-0.23693480816334794
28.908790537942828,0.2941481447320079,-0.23706819568553714
28.921587229350674,0.2935083101616156,-0.23715354163349275
28.941587229350674,0.2925083101616156,-0.23777347771983842
28.96158722935067,0.2915083101616156,-0.23839341380618403
28.98158722935067,0.2905083101616156,-0.2390133498925297
29.001587229350665,0.2895083101616156,-0.23963328597887537
29.021587229350665,0.2885083101616156,-0.240253222065221
29.04158722935066,0.2875083101616156,-0.24087315815156665
29.06158722935066,0.2865083101616156,-0.24149309423791232
29.081587229350657,0.2855083101616156,-0.24211303032425796
29.101587229350656,0.2845083101616156,-0.2427329664106036
29.121587229350652,0.2835083101616156,-0.24335290249694924
29.14158722935065,0.2825083101616156,-0.2439728385832949
29.161587229350648,0.2815083101616156,-0.24459277466964055
29.181587229350647,0.2805083101616156,-0.2452127107559862
29.201587229350643,0.2795083101616156,-0.24583264684233186
29.215963599783887,0.27878949163995337,-0.2462782683834439
29.23596359978389,0.27778949163995337,-0.24684427560780095
29.25596359978389,0.27678949163995337,-0.24741028283215802
29.275963599783886,0.27578949163995337,-0.24797629005651506
29.295963599783885,0.27478949163995336,-0.24854229728087213
29.31596359978388,0.27378949163995336,-0.24910830450522917
29.33596359978388,0.27278949163995336,-0.2496743117295862
29.355963599783877,0.27178949163995336,-0.2502403189539433
29.375963599783876,0.27078949163995336,-0.2508063261783003
29.395963599783872,0.26978949163995336,-0.25137233340265736
29.415963599783872,0.26878949163995336,-0.2519383406270144
29.435963599783868,0.26778949163995336,-0.25250434785137144
29.455963599783868,0.26678949163995336,-0.2530703550757285
29.474085183997225,0.2658834124292855,-0.25358320245480626
29.49408518399722,0.2648834124292855,-0.2554980620754191
29.51408518399722,0.2638834124292855,-0.2574129216960318
29.534085183997217,0.2628834124292855,-0.2593277813166446
29.554085183997216,0.2618834124292855,-0.2612426409372574
29.574085183997212,0.2608834124292855,-0.2631575005578701
29.594085183997212,0.2598834124292855,-0.2650723601784829
29.614085183997208,0.2588834124292855,-0.26698721979909573
29.634085183997207,0.2578834124292855,-0.26890207941970845
29.654085183997204,0.2568834124292855,-0.2708169390403213
29.674085183997203,0.2558834124292855,-0.27273179866093405
29.6940851839972,0.25488341242928547,-0.2746466582815468
29.702421919453084,0.2544665756564912,-0.27544484218615706
29.72242191945308,0.2534665756564912,-0.27746362735849506
29.74242191945308,0.2524665756564912,-0.279482412530833
29.762421919453075,0.2514665756564912,-0.281501197703171
29.782421919453075,0.2504665756564912,-0.28351998287550895
29.80242191945307,0.24946657565649122,-0.2855387680478469
29.82242191945307,0.24846657565649122,-0.28755755322018484
29.842421919453066,0.24746657565649122,-0.28957633839252284
29.862421919453066,0.24646657565649122,-0.2915951235648608
29.882421919453062,0.24546657565649121,-0.2936139087371987
29.90097545875365,0.24453889869146206,-0.29548668923891913
29.920975458753645,0.24353889869146206,-0.30011121969702964
29.940975458753645,0.24253889869146206,-0.3047357501551402
29.96097545875364,0.24153889869146206,-0.30936028061325077
29.98097545875364,0.24053889869146206,-0.31398481107136134
30.000975458753636,0.23953889869146205,-0.3186093415294719
30.01924558504653,0.23862539237681757,-0.32283387930522167
30.039245585046526,0.23762539237681757,-0.32830369266621373
30.059245585046526,0.23662539237681757,-0.33377350602720574
30.07924558504652,0.23562539237681757,-0.33924331938819785
30.092624426223285,0.2349564503179793,-0.34290230759936097
30.112624426223285,0.2339564503179793,-0.3474652368037971
30.13262442622328,0.2329564503179793,-0.3520281660082333
30.15262442622328,0.2319564503179793,-0.3565910952126694
30.172624426223276,0.2309564503179793,-0.3611540244171056
30.188447257355946,0.23016530876134578,-0.36476394733071177
30.208447257355946,0.22916530876134578,-0.36900741160086015
30.228447257355942,0.22816530876134578,-0.3732508758710085
30.24844725735594,0.22716530876134577,-0.37749434014115685
30.268447257355938,0.22616530876134577,-0.3817378044113053
30.288447257355937,0.22516530876134577,-0.38598126868145366
30.291609294688016,0.22500720689474196,-0.3866521683034307
30.31160929468801,0.22400720689474196,-0.3859440653752336
30.33160929468801,0.22300720689474196,-0.38523596244703656
30.351609294688007,0.22200720689474196,-0.3845278595188395
30.371609294688007,0.22100720689474196,-0.3838197565906423
30.391609294688003,0.22000720689474196,-0.38311165366244526
30.411609294688002,0.21900720689474196,-0.38240355073424814
30.431609294688,0.21800720689474196,-0.3816954478060511
30.451609294687998,0.21700720689474196,-0.380987344877854
30.471609294687994,0.21600720689474195,-0.38027924194965695
30.491609294687994,0.21500720689474195,-0.37957113902145984
30.497933369352154,0.2146910031615339,-0.37934723423206834
30.517933369352157,0.2136910031615339,-0.378166295821771
30.537933369352153,0.2126910031615339,-0.37698535741147365
30.557933369352153,0.21169100316153389,-0.37580441900117645
30.57793336935215,0.21069100316153389,-0.3746234805908791
30.59793336935215,0.20969100316153388,-0.37344254218058176
30.617933369352144,0.20869100316153388,-0.37226160377028444
30.637933369352144,0.20769100316153388,-0.3710806653599872
30.65245993446709,0.20696467490578652,-0.37022291642429084
30.672459934467085,0.20596467490578652,-0.36845906108682946
30.692459934467085,0.20496467490578651,-0.36669520574936815
30.71245993446708,0.2039646749057865,-0.3649313504119068
30.73245993446708,0.2029646749057865,-0.3631674950744454
30.752459934467076,0.2019646749057865,-0.36140363973698414
30.755621971799155,0.2018065730391827,-0.3611247709157124
30.775621971799154,0.2008065730391827,-0.3611247709157124
30.79562197179915,0.1998065730391827,-0.3611247709157124
30.81562197179915,0.1988065730391827,-0.3611247709157124
30.835621971799146,0.1978065730391827,-0.3611247709157124
30.855621971799145,0.1968065730391827,-0.3611247709157124
30.87562197179914,0.1958065730391827,-0.3611247709157124
30.89562197179914,0.1948065730391827,-0.3611247709157124
30.915621971799137,0.1938065730391827,-0.3611247709157124
30.93259252686999,0.1929580452856401,-0.3611247709157124
30.95259252686999,0.1919580452856401,-0.36164520544948303
30.972592526869985,0.1909580452856401,-0.3621656399832537
30.992592526869984,0.1899580452856401,-0.3626860745170244
31.01259252686998,0.18895804528564009,-0.36320650905079505
31.03259252686998,0.18795804528564009,-0.3637269435845657
31.052592526869976,0.18695804528564008,-0.36424737811833635
31.072443984790443,0.1859654723896167,-0.36476394733071177
31.092443984790446,0.1849654723896167,-0.3661125987180859
31.112443984790445,0.1839654723896167,-0.36746125010545994
31.13244398479044,0.1829654723896167,-0.368809901492834
31.15244398479044,0.1819654723896167,-0.3701585528802081
31.172443984790437,0.1809654723896167,-0.3715072042675822
31.192443984790437,0.1799654723896167,-0.3728558556549563
31.212443984790433,0.1789654723896167,-0.37420450704233044
31.232443984790432,0.17796547238961669,-0.3755531584297045
31.234741085268947,0.17785061736569086,-0.37570805781706895
31.254741085268947,0.17685061736569085,-0.37678342976135637
31.274741085268943,0.17585061736569085,-0.37785880170564384
31.294741085268942,0.17485061736569085,-0.37893417364993137
31.31474108526894,0.17385061736569085,-0.3800095455942188
31.334741085268938,0.17285061736569085,-0.3810849175385062
31.354741085268934,0.17185061736569085,-0.3821602894827937
31.374741085268933,0.17085061736569085,-0.3832356614270811
31.39474108526893,0.16985061736569085,-0.3843110333713686
31.403942757578374,0.16939053375021862,-0.3848057943834738
31.423942757578374,0.16839053375021862,-0.3849913721713618
31.44394275757837,0.16739053375021862,-0.3851769499592499
31.46394275757837,0.16639053375021862,-0.385362527747138
31.483942757578365,0.16539053375021862,-0.38554810553502605
31.503942757578365,0.16439053375021861,-0.3857336833229141
31.52394275757836,0.16339053375021861,-0.38591926111080216
31.54394275757836,0.1623905337502186,-0.38610483889869024
31.563942757578356,0.1613905337502186,-0.38629041668657826
31.583942757578356,0.1603905337502186,-0.3864759944744664
31.602929278645266,0.1594412076968732,-0.3866521683034307
31.622929278645262,0.1584412076968732,-0.3862534529549931
31.642929278645262,0.1574412076968732,-0.3858547376065554
31.662929278645258,0.1564412076968732,-0.38545602225811776
31.682929278645258,0.1554412076968732,-0.3850573069096801
31.702929278645254,0.1544412076968732,-0.3846585915612425
31.722929278645253,0.1534412076968732,-0.3842598762128048
31.74292927864525,0.1524412076968732,-0.38386116086436717
31.76292927864525,0.1514412076968732,-0.38346244551592945
31.782929278645245,0.1504412076968732,-0.38306373016749184
31.786807710751344,0.15024728609156845,-0.3829864106470632
31.80680771075134,0.14924728609156845,-0.3816135005328848
31.82680771075134,0.14824728609156845,-0.3802405904187064
31.846807710751335,0.14724728609156845,-0.378867680304528
31.866807710751335,0.14624728609156845,-0.37749477019034966
31.88680771075133,0.14524728609156845,-0.3761218600761712
31.90680771075133,0.14424728609156845,-0.3747489499619928
31.926807710751326,0.14324728609156845,-0.3733760398478145
31.946807710751326,0.14224728609156845,-0.37200312973363603
31.966807710751322,0.14124728609156845,-0.37063021961945763
31.98680771075132,0.14024728609156845,-0.36925730950527924
32.00680771075132,0.13924728609156845,-0.36788439939110085
32.026807710751314,0.13824728609156844,-0.3665114892769225
32.04680771075131,0.13724728609156844,-0.36513857916274406
32.052265195959755,0.13697441183114645,-0.36476394733071177
32.07226519595975,0.13597441183114645,-0.36356920831026757
32.09226519595975,0.13497441183114645,-0.3623744692898233
32.11226519595975,0.13397441183114644,-0.3611797302693791
32.13226519595975,0.13297441183114644,-0.35998499124893485
32.15226519595974,0.13197441183114644,-0.35879025222849065
32.17226519595974,0.13097441183114644,-0.3575955132080464
32.19226519595974,0.12997441183114644,-0.35640077418760224
32.21226519595974,0.12897441183114644,-0.35520603516715804
32.232265195959734,0.12797441183114644,-0.3540112961467138
32.25226519595973,0.12697441183114644,-0.3528165571262696
32.26592682422113,0.1262913304180766,-0.3520004531079349
32.28592682422113,0.1252913304180766,-0.3510299490366051
32.30592682422113,0.1242913304180766,-0.35005944496527536
32.32592682422113,0.1232913304180766,-0.3490889408939456
32.345926824221124,0.1222913304180766,-0.34811843682261573
32.36592682422112,0.1212913304180766,-0.347147932751286
32.38592682422112,0.1202913304180766,-0.34617742867995627
32.40592682422112,0.1192913304180766,-0.3452069246086265
32.425926824221115,0.1182913304180766,-0.34423642053729675
32.44592682422111,0.1172913304180766,-0.343265916465967
32.465926824221114,0.11629133041807661,-0.3422954123946371
32.48592682422112,0.1152913304180766,-0.34132490832330736
32.50592682422111,0.1142913304180766,-0.34035440425197766
32.525926824221116,0.1132913304180766,-0.3393839001806479
32.54592682422111,0.1122913304180766,-0.33841339610931814
32.56592682422111,0.1112913304180766,-0.3374428920379883
32.585926824221104,0.1102913304180766,-0.3364723879666585
32.60592682422111,0.1092913304180766,-0.33550188389532876
32.625926824221104,0.10829133041807659,-0.334531379823999
32.6414525711947,0.10751504306939674,-0.3337779897915834
32.6614525711947,0.10651504306939674,-0.33415776828391563
32.6814525711947,0.10551504306939674,-0.33453754677624786
32.7014525711947,0.10451504306939674,-0.3349173252685801
32.721452571194696,0.10351504306939674,-0.33529710376091226
32.74145257119469,0.10251504306939674,-0.3356768822532445
32.76145257119469,0.10151504306939674,-0.33605666074557666
32.78145257119469,0.10051504306939674,-0.3364364392379089
32.80145257119469,0.09951504306939674,-0.3368162177302411
32.82145257119468,0.09851504306939673,-0.33719599622257335
32.833099886062186,0.09793267732602162,-0.33741716620657825
32.85309988606219,0.09693267732602162,-0.3379684740402318
32.873099886062185,0.09593267732602162,-0.3385197818738853
32.89309988606218,0.09493267732602162,-0.3390710897075388
32.91309988606218,0.09393267732602162,-0.3396223975411924
32.93309988606218,0.09293267732602162,-0.34017370537484587
32.953099886062176,0.09193267732602162,-0.3407250132084994
32.97309988606217,0.09093267732602162,-0.34127632104215294
32.99309988606217,0.08993267732602162,-0.3418276288758064
33.01309988606217,0.08893267732602161,-0.34237893670946
33.032086407129086,0.08798335127267576,-0.34290230759936097
33.05208640712909,0.08698335127267576,-0.343983198776126
33.072086407129085,0.08598335127267576,-0.345064089952891
33.09208640712908,0.08498335127267576,-0.3461449811296561
33.11208640712908,0.08398335127267575,-0.34722587230642116
33.13208640712908,0.08298335127267575,-0.3483067634831862
33.152086407129076,0.08198335127267575,-0.3493876546599512
33.17208640712907,0.08098335127267575,-0.35046854583671627
33.19208640712907,0.07998335127267575,-0.3515494370134813
33.21208640712907,0.07898335127267575,-0.3526303281902463
33.23208640712907,0.07798335127267575,-0.3537112193670114
33.25208640712906,0.07698335127267575,-0.35479211054377646
33.267760696182194,0.07619963682001929,-0.35563922058075603
33.28776069618219,0.07519963682001929,-0.35796935535433627
33.307760696182186,0.07419963682001929,-0.36029949012791657
33.32776069618218,0.07319963682001929,-0.36262962490149675
33.347760696182185,0.07219963682001929,-0.364959759675077
33.36776069618218,0.07119963682001929,-0.3672898944486572
33.38776069618218,0.07019963682001928,-0.36962002922223747
33.39293539430599,0.06994090191382885,-0.37022291642429084
33.41293539430599,0.06894090191382884,-0.3735258737439566
33.432935394305986,0.06794090191382884,-0.3768288310636224
33.45293539430598,0.06694090191382884,-0.3801317883832882
33.472935394305985,0.06594090191382884,-0.383434745702954
33.49293539430598,0.06494090191382884,-0.3867377030226198
33.50343663783747,0.06441583973725473,-0.3884719609820149
33.52343663783746,0.06341583973725473,-0.39287411054539206
33.54343663783746,0.06241583973725473,-0.3972762601087692
33.563436637837455,0.06141583973725473,-0.4016784096721463
33.58343663783746,0.06041583973725473,-0.40608055923552344
33.603436637837454,0.059415839737254734,-0.41048270879890053
33.62343663783745,0.058415839737254734,-0.4148848583622777
33.63594723695639,0.05779030978130795,-0.4176385347847281
